921
3.4429379291989193e-08	35643.252	74603004
1.0328825417182941e-07	35643.252	74603004
2.0657674465462961e-07	35643.252	74603004
4.1315372578676346e-07	35643.252	74603004
8.2630769454583586e-07	35643.252	74603004
1.6526156272900216e-06	35643.252	74603004
3.3052314741266464e-06	35643.252	74603004
6.6104631639141154e-06	35643.252	74603004
1.3220926544266209e-05	35643.252	74603004
2.6441853305136931e-05	35643.252	74603004
5.2883706825934684e-05	35643.252	74603004
0.00010576741386664201	35643.252	74603004
0.00019203397060651994	35643.252	74603004
0.00029405547469907312	35643.252	74603004
0.00044708773083823594	35643.252	74603004
0.00075315224311567341	35643.252	74603004
0.0013652812676688275	34961.006224412165	74370751.490053728
0.0025895393167797987	34612.857144461632	74146645.792915165
0.0042218833822676993	34414.393280412318	73813407.177372798
0.0058542274477587086	34399.421404938003	73541038.705156863
0.0080248885231437583	33775.561496961607	73163252.953585953
0.010733866608422793	33843.249070357728	72763214.744873852
0.01285227338545869	32746.576199041083	72505117.053179339
0.014380108854251505	32905.180058769794	72336408.577684999
0.016671862057445419	32898.593676678254	72012757.957672507
0.019303835151322724	32350.696094517731	71747842.832526147
0.021512110401482265	32110.825913309251	71532849.522564858
0.023720385651641807	32230.314367194183	71265273.110262841
0.025928660901801348	31716.99595084626	71096335.939271376
0.028634344120246347	31315.942064023238	70818883.497516066
0.031837435306976802	31383.496988765302	70530041.072909713
0.035040526493707369	31210.378077004509	70273764.829108536
0.038243617680438158	30522.396669678514	70018700.373213708
0.042312162710480494	30230.774909006275	69734058.494331241
0.04601266186549724	30314.028440929491	69410067.249144047
0.048479661302176569	29496.384432225586	69304039.400178403
0.052522362596732264	29398.939759982008	69041273.105078176
0.056736164961055657	29815.269075958793	68747808.691491634
0.059545366537270383	28177.878998569278	68563236.974221244
0.06269677025302145	28955.341977107895	68343501.885632098
0.066190376108308802	28535.606302675271	68086513.506818146
0.069683981963594765	27912.569739641047	67854635.065739244
0.073177587818880729	28137.156736160177	67609407.081560463
0.076874702222017477	27790.057385705291	67314776.093392149
0.080775325173002566	27123.724426006716	67097255.949506342
0.086626259599479227	27214.429721480748	66676126.607263073
0.093330806398979116	26600.593715170999	66271965.022283122
0.09893865409600916	26313.445543802307	65879885.618140653
0.10314453986878158	26148.254966983721	65667420.136390999
0.10594846371729683	25537.467874945145	65464513.167643003
0.11015434949006808	25728.596290362759	65213075.253812365
0.11583003336971992	25285.480885229386	64850811.951251015
0.12013767341642279	25156.837774225263	64618354.9826544
0.12300943344755266	24996.075311484903	64443332.866795532
0.12731707349425148	24626.502891964348	64181872.674127229
0.13162471354095423	24115.349505456736	63968396.357200943
0.13449647357209205	24371.638987694867	63738290.621656731
0.13880411361879397	23954.214018857972	63534940.789877549
0.14311175366549339	23632.215091510043	63291705.638340898
0.14598351369662477	23803.905162612704	63142623.008842744
0.15029115374332325	23493.018208452821	62884968.256063782
0.15459879379002345	22737.937469714474	62636889.125431612
0.15747055382115704	23263.007211866967	62532905.116314955
0.16177819386785691	22762.546904500978	62295017.062332489
0.16752171393012594	22404.36134812019	61959409.280133478
0.17268611349346902	22804.569816860505	61712692.066220701
0.17727139255788243	21665.522236278615	61478882.910015032
0.18213431064000846	21744.189990484669	61242963.175540701
0.18727486773984742	21460.253329419276	61013654.812782228
0.1915586653230486	21311.364812011783	60723382.629630819
0.19498570338961252	21356.784226149179	60594699.300711125
0.20012626048945642	20820.645532364299	60348356.539432988
0.20655195686425393	20582.466831353478	60010947.2275327
0.212549273480725	20542.767637521676	59726930.059928872
0.2185465900971954	19925.37862921755	59441916.823411115
0.22454390671366586	19765.826582401143	59129264.81518691
0.22968446381350316	19858.728642234946	58922695.521400079
0.23396826139670679	19399.327807434627	58611889.357442513
0.23825205897990936	18983.760442419873	58527426.609897755
0.24253585656311077	18762.921364709	58253862.730837822
0.24789060354211273	19081.564729867347	57989048.938441552
0.25431629991691423	18593.28299779832	57693410.56567277
0.26074199629171579	18035.519324100835	57394621.432248652
0.26556126857281898	18215.443496655578	57120942.421515845
0.26999405926086922	17769.279805459424	56947238.71885515
0.27404036835586443	18339.670219538537	56784891.440447479
0.27770019585780376	17407.474456278571	56548035.281034097
0.28257996586038875	17238.020663657371	56379097.543401927
0.28745973586297396	17245.76134082126	56089101.858740702
0.29220911231693353	16636.952830552946	55931681.028916262
0.29682809522226722	17318.958510325228	55731949.144425817
0.30144707812760124	16536.612546281842	55469446.681106053
0.30606606103293443	15994.936575486376	55253827.483316571
0.31119722002712591	16395.12764069685	55085700.647719033
0.31684055511017684	16207.013931996964	54759708.83254867
0.32248389019322787	15585.806049961664	54538082.330653235
0.32812722527628646	15494.187454069386	54248034.490235224
0.33381869774458295	15369.856989615253	54037856.032560356
0.33955830759810984	15364.102593619757	53740794.26478821
0.34529791745163735	14882.137775400604	53455434.022243552
0.35108566469040986	14800.892318373732	53240072.891740784
0.35692154931442721	14517.504078042803	53007727.413331956
0.3620640513993727	14036.376364103218	52711588.805732973
0.36651317094524594	14313.494840024168	52516771.659221776
0.37318685026405818	14123.304050691804	52219006.910344929
0.38060204950718207	13494.363245221919	51917023.855462581
0.38653420890167883	13339.98132269145	51639167.419868633
0.39246636829617515	13519.173081081339	51366449.272537254
0.39839852769067158	12973.345979360447	51094032.658390291
0.40441768284084462	12870.248269997614	50832017.533497669
0.4105238337466941	12812.79518258799	50570088.792807497
0.41662998465254342	12305.532460669952	50335396.803449854
0.42273613555839246	12226.588674755725	50019925.354166701
0.42991797545232674	12140.02207501874	49719995.152641408
0.43817550433434577	11639.030571385823	49353955.906015679
0.44643303321636574	11538.982197913141	48974644.019173302
0.45262617987787973	11254.160591301257	48744284.230835721
0.45869030265061478	11206.749845246937	48403370.814920254
0.46630271208873597	10695.385591713484	48122501.885348521
0.4745003538933123	10717.590951481967	47698566.744426928
0.48350608048277671	10223.42615517687	47353068.011625975
0.4900702298727187	10298.57231165194	46933672.957349285
0.4955626814030768	9942.1366986369394	46773485.868660599
0.50212683079301756	9686.3156916833232	46461603.553704172
0.50999711194932651	9555.9090320191499	46074533.446459621
0.51900607208144189	9324.0295849168197	45655430.812481277
0.52755066698627195	9032.2700999310746	45224929.377498664
0.53411734650833886	8684.2716280322747	44933596.434451781
0.53920846901931918	8777.9903665684324	44669620.274742238
0.5446389996976988	8616.6579949217958	44417249.269217417
0.55037347553120086	8409.8963644267315	44120784.7802881
0.55641189651982581	8150.1500792004963	43808155.090463087
0.56220040338867194	8095.0459685270953	43575001.536697611
0.56773899613773904	7946.9431445667205	43230235.308802895
0.57327758888680513	7740.1602894243733	42964653.391440317
0.57881618163587023	7596.1917493939754	42735008.41082307
0.58490863365983947	7396.1231106459672	42373705.372719832
0.59321652278343318	7340.1293254224347	41980928.352452062
0.6007059748316409	6942.7434401810324	41598959.339290611
0.60571541197974221	6896.5797862023801	41316601.241047546
0.61165163276300449	6837.0452624561949	41024251.736754306
0.61776131523641253	6482.890692825019	40661750.214397252
0.62311767576480537	6504.5620237654712	40450081.418821231
0.63039412868037403	6322.3589305950645	40034803.108326733
0.63980454712969359	6034.3579311551075	39520308.61642959
0.64953577529887618	5836.1400840180804	38997583.463421464
0.65830457430846867	5605.5246418770266	38491785.094707698
0.66586519862717441	5458.8972991711307	38076798.422492929
0.67443993347366382	5216.56536825077	37581474.575177394
0.68202178170323502	5088.6093106075095	37195192.908183284
0.68908659714034082	4867.3226364586626	36740449.048284948
0.69665782351063055	4711.2231749521834	36260188.748090476
0.70352750863716207	4562.5450689169211	35904073.40463502
0.71081801489699692	4398.3185914299111	35419456.857744493
0.71753295487316193	4251.187593512298	35029448.59764915
0.7249932988422072	4079.7172751011285	34572169.544045553
0.73262336428833019	3907.6209231181692	34029291.100727215
0.73919034988471699	3777.1266858551708	33633461.484401219
0.7458455044308403	3586.0587220014627	33182451.972551074
0.75179480925237541	3586.5123191541661	32735990.885666247
0.75703826434932187	3397.7910959785049	32425109.33961511
0.76255576192141783	3215.5832298024166	32059214.473482687
0.76834730196866341	3169.0829354651091	31618443.206050999
0.77429161808708435	3001.1622773587483	31104078.989462662
0.78038871027668044	2939.6934840527347	30748836.482403453
0.78609419249869927	2755.1032283656759	30307380.000815492
0.7914080647531414	2641.9398393403312	29907498.208275087
0.79720650597528064	2611.4748468282319	29448603.133224152
0.80348951616511721	2399.7233791646727	29002137.64694998
0.81107875574613342	2272.5799242284752	28420100.022825953
0.81769287466760132	2122.4125168120827	27940573.565701235
0.82202564353834195	2096.423406414172	27608514.441820554
0.82712124350241245	1952.7536777565458	27236878.734751008
0.83239429308397106	1833.6117778460778	26890523.964212462
0.83708196118968781	1766.0255383457156	26516488.268354386
0.84115782275606699	1721.5914003670739	26218404.258113381
0.8446218777831086	1640.8776302165127	25904121.333764266
0.84873275008276516	1537.4596150986245	25683660.696812604
0.8534904396550369	1447.7268543318701	25324427.07368616
0.8580208536082965	1381.620089009321	24930510.703516785
0.86232399194254405	1326.9363719223979	24573127.13017381
0.86634025438784212	1219.1796543765474	24338741.014845211
0.87006964094419048	1125.3206254339382	24037211.784192223
0.87359343311345861	1098.6463901436243	23737314.751039598
0.87691163089564639	1039.6319783094714	23409392.920132384
0.88022982867783428	984.56190545141169	23187755.974468037
0.88271847701447503	934.95204484355668	23045181.763999291
0.88396280118279547	921.7415569366043	22937359.727987126
0.88458496326695568	907.67416000000014	22860658
0.88489604430903579	907.67894092274378	22860549.479439307
0.88505158483007584	910.17183999999997	22803964
0.88512935509059587	910.17183999999986	22803964
0.88518120193094263	910.17184000000009	22803964
0.88521907851315551	910.17183999999997	22803964
0.88524298483723463	910.17183999999997	22803964
0.88527884432335346	910.17183999999997	22803964
0.88535056329559092	910.17183999999997	22803964
0.88549400124006594	910.17183999999997	22803964
0.88578087712901599	910.17183999999997	22803964
0.88635462890691596	857.82415770960279	22781880.727588627
0.88750213246271614	846.26503418875939	22662994.193958942
0.88864963601851632	777.7110393875854	22451218.8057319
0.88941463838904977	841.87327000000005	22460174
0.88998839016694986	805.06231469489023	22476805.238224939
0.89037089135221659	763.87216999999998	22495415
0.89065776724116663	763.87216999999998	22495415
0.89084901783379999	763.87216999999998	22495415
0.89099245577827502	783.46149315961554	22462266.354860809
0.8910880810745917	809.63269000000003	22417980
0.89115980004682926	809.63269000000003	22417980
0.89120761269498749	809.63269000000003	22417980
0.89125542534314595	809.63269000000003	22417980
0.89130323799130418	809.63269000000003	22417980
0.89135581669194675	809.63269000000003	22417980
0.89141316144507343	809.63269000000003	22417980
0.89147050619820012	809.63269000000003	22417980
0.89152785095132669	809.63269000000003	22417980
0.89158519570445338	809.63269000000003	22417980
0.89164254045758007	809.63269000000003	22417980
0.8917285575872701	809.63269000000003	22417980
0.89190059184665005	805.05404679296191	22407739.916875616
0.89224466036541017	743.61089000000004	22270323
0.89281810789667693	741.73181784866188	22266077.176441833
0.89339155542794368	735.67075	22252382
0.89385031345295718	730.53616594110713	22238852.707665097
0.8945384504904772	706.51973999999996	22175571
0.89591472456551746	714.05981328039297	22067392.511601903
0.89820851469058449	691.46726283034559	21931033.861996122
0.90096106284066491	618.92671738242166	21791467.408090264
0.90394299000325196	582.88551571758819	21639746.442622215
0.90710624250329064	522.64531143152203	21546701.963589422
0.90954932218243911	483.19780904310738	21420325.036151923
0.91132028271575272	466.93235353874661	21340419.589551229
0.91308338805619749	444.35120081596875	21338984.359225977
0.91526566795136444	402.05804468902744	21316712.132172093
0.91786734977140017	368.37201596219586	21301138.463294126
0.92046140376871355	323.00747349567331	21284536.342196655
0.92239022586700503	298.78478163143541	21298810.660269707
0.92365381606627461	283.29810738487612	21391840.813375078
0.92487649866916688	273.9623118623382	21482027.223192606
0.92573101290464876	272.47654999999997	21538165
0.92611281713752758	250.20069822398207	21550752.203769334
0.92629406051593621	249.74800999999997	21551008
0.92639632950689033	249.74800999999997	21551008
0.92645399785456983	249.74800999999999	21551007.999999996
0.92648183774655513	249.74800999999999	21551007.999999996
0.92650109888931609	249.74800999999999	21551008
0.9265152369112839	249.74800999999999	21551008
0.92652478663891802	249.74800999999999	21551008
0.92653280689836093	249.74800999999999	21551008
0.9265378016111252	249.74800999999999	21551008.000000004
0.92654461954385503	249.74800999999999	21551008.000000004
0.92655371012082821	249.74800999999999	21551008.000000004
0.92656734598628798	249.74800999999999	21551008.000000004
0.92658552714023412	249.74800999999999	21551008.000000004
0.92661279887115355	249.74801000000002	21551008
0.92664916117904617	249.74800999999999	21551008.000000004
0.92670370464088503	249.74800999999999	21551008.000000004
0.92681279156456253	249.74800999999999	21551008.000000004
0.92695824079613276	246.7867244928461	21567709.339131635
0.92717641464348799	236.1146	21627899
0.92746731310662844	236.1146	21627899
0.9279036608013389	229.19385102506885	21649747.867092144
0.92877635619076004	210.44621926596486	21739721.679447506
0.9305217469696021	203.31624895096374	21932529.900307212
0.9330077861658358	169.04722024535658	22337198.934135415
0.93565267685318032	141.39531724577853	22774977.934079014
0.93753060850989633	129.23096730740411	23130236.648899883
0.93864158113598384	114.0533078557996	23399818.142324254
0.94030804007511493	100.94439670698328	23710346.20952576
0.94197449901424601	87.928260180560628	23958415.845258608
0.94308547164033363	81.919827682964822	24102860.716288552
0.94475193057946472	72.682402088134197	24265616.542019915
0.94660355162294363	60.9000986242905	24251380.257557008
0.94808484845772667	55.093621260210661	24177649.401177414
0.95030679370990101	44.948767433452232	23853164.356351368
0.9527525517414912	37.111981547869092	23260102.269373864
0.95419924353670194	31.972927257674417	22950209.609568439
0.95516370473350909	30.62298507331905	22647597.610733334
0.95625506871937005	27.69462922614931	22366374.213610098
0.95747333549428459	24.465428112110711	22005337.041239314
0.95869160226919914	21.394528187986463	21609634.88147258
0.95990986904411391	19.407788975759914	21296845.190175407
0.96112813581902867	16.951082817181348	20914370.83865691
0.96234640259394344	15.169694580979971	20507813.140433941
0.96356466936885821	12.978017133824896	20074941.202134147
0.9647829361437732	11.515441363243751	19613630.695268806
0.96600120291868752	10.05559017031158	19177017.677482288
0.96721946969360162	8.8333023139969598	18675258.837779991
0.96813316977478703	7.7150450070390342	18168322.343448069
0.96874230316224408	7.3280643511711796	17990229.198352661
0.9696560032434296	6.6909644933373542	17472010.681275818
0.97056970332461512	5.7460759000000001	17055014
0.97117883671207217	5.5366439851584293	16648999.996993599
0.9720925367932578	4.9417365188259295	16240775.983776566
0.9733108035681719	4.1756579638588986	15617045.6466849
0.974529070343086	3.5353427162401823	14925343.751925191
0.97554429265551468	3.1103748000000002	14480536
0.97635647050545815	2.6515134754815377	13952625.633965578
0.97716864835540151	2.4110042051533931	13602595.020223958
0.97798082620534499	2.139691407506473	13251816.125376582
0.97879300405528857	1.8777873964566709	12902458.485614024
0.97960518190523205	1.6880178235165557	12564497.871549504
0.98021431529268988	1.3419342999999999	12123223
0.98062040421766161	1.3419342999999999	12123223
0.98122953760511944	1.2388548364213439	11794848.167789312
0.98184217412806996	1.1795835218989621	11644919.69043524
0.98246181692200629	0.95411850000000009	11211962
0.98308145971594252	0.86580648342796851	10849038.517433846
0.98370110250987886	0.80001717268230599	10607020.454117615
0.98452729290179397	0.62849586999999996	10077633
0.98514693569573031	0.5471248740886272	9533065.82412217
0.98556003089168798	0.53354548000000002	9442187.0999999996
0.98597312608764553	0.48250237745216873	9199491.3209956624
0.9863862212836032	0.41637215999999999	8885060.5
0.98679931647956076	0.4150988951062437	8877119.8824975174
0.98721241167551832	0.33762297000000002	8393947.3000000007
0.98783205446945477	0.31909834093211825	8275534.2893932769
0.98845169726339122	0.27532741999999999	7995742.1000000006
0.98886479245934922	0.26731619309246452	7939464.6607091688
0.98927788765530711	0.22931454999999998	7672509.9000000004
0.989690982851265	0.22931454999999998	7672509.9000000004
0.99000080424823356	0.21083481188655662	7456841.2260695342
0.99020735184621245	0.19285107000000001	7246961.0999999987
0.99051717324318089	0.19285107000000001	7246961.0999999996
0.99093026843913878	0.17649747941601446	7056435.0649757832
0.99134336363509679	0.14377483999999999	6675202.9000000004
0.99175645883105468	0.14377483999999999	6675202.9000000004
0.99216955402701257	0.116442132802698	6137008.0580240488
0.99247937542398112	0.11381333	6085245.5999999996
0.99268592302196001	0.11381333	6085245.5999999996
0.9928924706199389	0.11381332999999999	6085245.5999999996
0.99309901821791802	0.086163667669269611	5675973.4774216041
0.99330556581589691	0.085677129000000005	5668771.7000000002
0.9935121134138758	0.085677129000000005	5668771.7000000002
0.99371866101185491	0.085677129000000005	5668771.7000000002
0.9939252086098338	0.083376603824345766	5613844.4472238561
0.9941317562078128	0.069228590000000007	5276047
0.9943383038057918	0.069228590000000007	5276047
0.99454485140377069	0.069228590000000007	5276047
0.99475139900174969	0.069228590000000007	5276047
0.99490630970023397	0.069228590000000007	5276047
0.99500958349922342	0.061346415629340657	5053445.0854492541
0.99516449419770758	0.056068541999999999	4904391.7000000002
0.99537104179568658	0.056068541999999999	4904391.7000000002
0.99557758939366559	0.056068542000000006	4904391.7000000002
0.99575040444499652	0.056068541999999999	4904391.7000000002
0.99588948694967971	0.056068541999999999	4904391.7000000002
0.99602856945436269	0.046135240995195274	4505389.3265703116
0.99616765195904566	0.0421283	4344437.9000000004
0.99628374913308049	0.0421283	4344437.9000000004
0.99637686097646705	0.0421283	4344437.9000000004
0.9964699728198535	0.0421283	4344437.9000000004
0.99656308466324006	0.0421283	4344437.9000000004
0.99670275242831974	0.0421283	4344437.9000000004
0.99688897611509275	0.0421283	4344437.9000000004
0.99702864388017243	0.035266039163121272	4064576.5384208565
0.99712175572355899	0.033714220000000003	4001289.2000000002
0.99721486756694544	0.033714220000000003	4001289.2000000002
0.99730797941033189	0.033714220000000003	4001289.2000000002
0.99740109125371845	0.033714220000000003	4001289.2000000002
0.9974942030971049	0.033714220000000003	4001289.2000000002
0.99758731494049147	0.033714220000000003	4001289.2000000002
0.99768042678387792	0.033714220000000003	4001289.2000000002
0.99777353862726437	0.033714220000000003	4001289.2000000002
0.99786665047065093	0.033714220000000003	4001289.2000000002
0.99795976231403738	0.033224888263149441	3979219.9636018155
0.99805287415742394	0.027124281	3704077.8999999999
0.99813068080362966	0.027124281	3704077.8999999999
0.99819318225265485	0.027124281	3704077.8999999999
0.998266206629568	0.027124281	3704077.8999999999
0.99833408881471919	0.027124281	3704077.8999999999
0.99838630588022015	0.027124281	3704077.8999999999
0.99846463147847153	0.027124280999999997	3704077.9000000004
0.9985429570767228	0.027124281	3704077.8999999999
0.99859517414222376	0.027124281	3704077.8999999999
0.99864739120772472	0.027124281	3704077.8999999999
0.99869960827322557	0.027124281	3704077.8999999999
0.99873877107235121	0.027124281	3704077.8999999999
0.99876487960510163	0.027124281	3704077.8999999999
0.99880404240422738	0.027124281	3704077.8999999999
0.99885625946972834	0.027124281	3704077.8999999999
0.99890002295357239	0.027124281000000004	3704077.8999999999
0.99895298780685338	0.027124281000000004	3704077.8999999999
0.99900595266013448	0.022480547038008818	3499737.2290586885
0.99904126256232173	0.020380117	3407310.8999999999
0.99909422741560283	0.020380117	3407310.8999999999
0.99914719226888393	0.020380117	3407310.8999999999
0.99918250217107119	0.020380117	3407310.8999999999
0.99921781207325866	0.020380117	3407310.8999999999
0.99925312197544591	0.020380117	3407310.8999999999
0.99928843187763339	0.020380117	3407310.8999999999
0.99932374177982064	0.020380117	3407310.8999999999
0.99935022420646125	0.020380117	3407310.8999999999
0.99936787915755487	0.020380117	3407310.8999999999
0.99939436158419537	0.020380117	3407310.8999999999
0.99942967148638284	0.020380117	3407310.8999999999
0.99945615391302334	0.020380117	3407310.8999999999
0.99947380886411707	0.020380117	3407310.8999999999
0.9994914638152107	0.020380117	3407310.8999999999
0.99950911876630433	0.020380117	3407310.8999999999
0.99952980311846451	0.020380117	3407310.8999999999
0.99955351687169114	0.020380117	3407310.8999999999
0.99957130218661105	0.020380117	3407310.8999999999
0.99958315906322426	0.020380117	3407310.8999999999
0.99959620162749885	0.020380117	3407310.8999999999
0.99961042987943483	0.020380117	3407310.8999999999
0.9996246581313708	0.020380117	3407310.8999999999
0.99963888638330667	0.020380117	3407310.8999999999
0.99965311463524265	0.020380117	3407310.8999999999
0.99966734288717851	0.020380117	3407310.8999999999
0.99968157113911449	0.020380117	3407310.8999999999
0.99969579939105047	0.020380117	3407310.8999999999
0.99971002764298644	0.020380117	3407310.8999999999
0.99972425589492231	0.020380117	3407310.8999999999
0.99973492708387424	0.020380117	3407310.8999999999
0.99974204120984234	0.020380117	3407310.8999999999
0.99975271239879415	0.020380117	3407310.8999999999
0.99976338358774619	0.020380117	3407310.8999999999
0.99977049771371407	0.020380117	3407310.8999999999
0.99977761183968217	0.020380117	3407310.8999999999
0.99978472596565005	0.020380117	3407310.8999999999
0.99979184009161814	0.020380117	3407310.8999999999
0.99979895421758602	0.020380117	3407310.8999999999
0.9998060683435539	0.020380117	3407310.8999999999
0.999813182469522	0.020380117	3407310.8999999999
0.99982029659548988	0.020380117	3407310.8999999999
0.99982741072145798	0.020380117	3407310.8999999999
0.99983452484742585	0.020380117	3407310.8999999999
0.99984163897339384	0.020380117	3407310.8999999999
0.99984875309936183	0.020380117	3407310.8999999999
0.99985586722532971	0.020380117	3407310.8999999999
0.99986298135129781	0.020380117	3407310.8999999999
0.99986831694577372	0.020380117	3407310.8999999999
0.99987187400875777	0.020380117	3407310.8999999999
0.9998754310717417	0.020380117	3407310.8999999999
0.99987898813472564	0.020380117	3407310.9000000004
0.99988432372920166	0.020380117	3407310.8999999999
0.99988965932367768	0.020380117	3407310.9000000004
0.99989321638666162	0.020380117	3407310.8999999999
0.99989855198113764	0.020380117	3407310.8999999999
0.99990388757561355	0.020380117	3407310.8999999999
0.9999074446385976	0.020380117	3407310.8999999999
0.99991100170158154	0.020380117	3407310.8999999999
0.99991455876456548	0.020380117	3407310.9000000004
0.99991811582754953	0.020380117	3407310.8999999999
0.99992167289053357	0.020380117	3407310.8999999999
0.99992434068777158	0.020380117	3407310.8999999999
0.99992611921926344	0.020380117	3407310.8999999999
0.99992878701650145	0.020380117	3407310.8999999999
0.99993234407948539	0.020380117	3407310.8999999999
0.99993590114246944	0.020380117	3407310.8999999999
0.99993856893970734	0.020380117	3407310.8999999999
0.99994034747119942	0.020380117	3407310.9000000004
0.99994301526843743	0.020380117	3407310.8999999999
0.99994568306567544	0.020380117	3407310.8999999999
0.9999474615971673	0.020380117	3407310.8999999999
0.99994924012865938	0.020380117	3407310.9000000004
0.99995101866015146	0.020380117	3407310.8999999999
0.99995279719164332	0.020380117	3407310.8999999999
0.9999545757231354	0.020380117	3407310.8999999999
0.99995635425462737	0.020380117	3407310.8999999999
0.99995813278611934	0.020380117	3407310.8999999999
0.99995991131761142	0.020380117	3407310.8999999999
0.99996168984910327	0.020380117	3407310.8999999999
0.99996346838059536	0.020380117	3407310.8999999999
0.99996524691208732	0.020380117	3407310.9000000004
0.99996702544357929	0.020380117	3407310.8999999999
0.99996880397507137	0.020380117	3407310.8999999999
0.99997013787369027	0.020380117	3407310.8999999999
0.99997102713943631	0.020380117	3407310.8999999999
0.99997236103805531	0.020380117	3407310.8999999999
0.99997385107438974	0.020380117	3407310.8999999999
0.99997505261556674	0.020380117	3407310.8999999999
0.99997625415674374	0.020380117	3407310.8999999999
0.99997715531262643	0.020380117	3407310.8999999999
0.99997775608321504	0.020380117	3407310.8999999999
0.99997865723909773	0.020380117	3407310.8999999999
0.99997985878027473	0.020380117	3407310.8999999999
0.99998075993615743	0.020380117	3407310.8999999999
0.99998136070674604	0.020380117	3407310.8999999999
0.99998196147733442	0.020380117	3407310.8999999999
0.99998256224792303	0.020380117	3407310.8999999999
0.99998346340380573	0.020380117	3407310.8999999999
0.99998436455968842	0.020380117	3407310.8999999999
0.99998496533027703	0.020380117	3407310.8999999999
0.99998556610086542	0.020380117	3407310.8999999999
0.99998616687145403	0.020380117	3407310.8999999999
0.99998676764204242	0.020380117	3407310.8999999999
0.99998736841263103	0.020380117	3407310.8999999999
0.99998796918321942	0.020380117	3407310.8999999999
0.99998856995380803	0.020380117	3407310.8999999999
0.99998917072439641	0.020380117	3407310.8999999999
0.99998962130233782	0.020380117	3407310.8999999999
0.99998992168763212	0.020380117	3407310.8999999999
0.99999022207292643	0.020380117	3407310.8999999999
0.99999052245822062	0.020380117	3407310.8999999999
0.99999097303616202	0.020380117	3407310.8999999999
0.99999142361410343	0.020380117	3407310.8999999999
0.99999172399939762	0.020380117	3407310.8999999999
0.99999202438469181	0.020380117	3407310.8999999999
0.99999232476998612	0.020380117	3407310.8999999999
0.99999262515528042	0.020380117	3407310.8999999999
0.99999292554057462	0.020380117	3407310.8999999999
0.99999315082954521	0.020380117	3407310.8999999999
0.99999330102219242	0.020380117	3407310.8999999999
0.99999352631116312	0.020380117	3407310.8999999999
0.99999382669645742	0.020380117	3407310.8999999999
0.99999412708175162	0.020380117	3407310.8999999999
0.99999442746704581	0.020380117	3407310.8999999999
0.99999472785234012	0.020380117	3407310.8999999999
0.99999498018217858	0.020380117	3407310.8999999999
0.99999518445656133	0.020380117	3407310.8999999999
0.99999538873094407	0.020380117	3407310.8999999999
0.99999559300532681	0.020380117	3407310.8999999999
0.99999579727970944	0.020380117	3407310.8999999999
0.99999600155409218	0.020380117	3407310.8999999999
0.99999620582847493	0.020380117	3407310.8999999999
0.99999635903426198	0.020380117	3407310.8999999999
0.99999646117145324	0.020380117	3407310.8999999999
0.99999656330864461	0.020380117	3407310.8999999999
0.99999666544583599	0.020380117	3407310.8999999999
0.99999681865162304	0.020380117	3407310.8999999999
0.9999969718574101	0.020380117	3407310.8999999999
0.99999707399460147	0.020380117	3407310.8999999999
0.99999717613179284	0.020380117	3407310.8999999999
0.9999972782689841	0.020380117	3407310.8999999999
0.99999739788203268	0.020380117	3407310.8999999999
0.99999753497093824	0.020380117	3407310.8999999999
0.99999763778761741	0.020380117	3407310.8999999999
0.99999770633207019	0.020380117	3407310.8999999999
0.99999777487652297	0.020380117	3407310.8999999999
0.99999784342097586	0.020380117	3407310.8999999999
0.99999792375623742	0.020380117	3407310.8999999999
0.99999801588230763	0.020380117	3407310.8999999999
0.99999808497686038	0.020380117	3407310.8999999999
0.99999813103989554	0.020380117	3407310.8999999999
0.99999820013444829	0.020380117	3407310.8999999999
0.99999829226051862	0.020380117	3407310.8999999999
0.99999838438658895	0.020380117	3407310.8999999999
0.99999845348114169	0.020380117	3407310.8999999999
0.99999849954417686	0.020380117	3407310.8999999999
0.9999985686387296	0.020380117	3407310.8999999999
0.99999863773328235	0.020380117	3407310.8999999999
0.99999868379631751	0.020380117	3407310.8999999999
0.99999875289087026	0.020380117	3407310.8999999999
0.99999882198542289	0.020380117	3407310.8999999999
0.99999886804845806	0.020380117	3407310.8999999999
0.99999891411149322	0.020380117	3407310.8999999999
0.99999896017452838	0.020380117	3407310.8999999999
0.99999900623756355	0.020380117	3407310.8999999999
0.99999905230059871	0.020380117	3407310.8999999999
0.99999909836363388	0.020380117	3407310.8999999999
0.99999914343333618	0.020380117	3407310.8999999999
0.99999918613631222	0.020380117	3407310.8999999999
0.99999922746589509	0.020380117	3407310.8999999999
0.99999926761612246	0.020380117	3407310.8999999999
0.99999930522132929	0.020380116999999996	3407310.8999999999
0.99999933994652301	0.020380117	3407310.8999999999
0.99999937315736842	0.020380117	3407310.8999999999
0.99999940468609005	0.020380117	3407310.8999999999
0.99999943453268747	0.020380117	3407310.8999999999
0.99999946437928511	0.020380117	3407310.8999999999
0.99999948583148579	0.020380117	3407310.8999999999
0.99999949888928996	0.020380117	3407310.8999999999
0.999999518475996	0.020380117	3407310.8999999999
0.99999954459160434	0.020380117	3407310.8999999999
0.99999956320449856	0.020380117	3407310.8999999999
0.9999995743146789	0.020380117	3407310.8999999999
0.99999959097994939	0.020380117	3407310.8999999999
0.99999961320031006	0.020380117	3407310.8999999999
0.99999963351915	0.020380117	3407310.8999999999
0.99999965193646934	0.020380117	3407310.8999999999
0.99999966574945875	0.020380117	3407310.8999999999
0.99999967495811837	0.020380117	3407310.8999999999
0.99999968416677798	0.020380117	3407310.8999999994
0.9999996933754377	0.020380117	3407310.8999999999
0.99999970534985305	0.020380117	3407310.8999999994
0.99999971640498153	0.020380117	3407310.8999999994
0.99999972377506707	0.020380117	3407310.8999999994
0.99999973114515273	0.020380117	3407310.8999999999
0.99999973851523838	0.020380117	3407310.8999999994
0.99999974957036675	0.020380117	3407310.8999999994
0.99999976265560364	0.020380117	3407310.8999999999
0.99999977221755287	0.020380117	3407310.8999999999
0.99999977991114908	0.020380117	3407310.8999999999
0.99999978760474506	0.020380117	3407310.8999999999
0.99999979529834104	0.020380117	3407310.8999999999
0.99999980173790393	0.020380117000000003	3407310.8999999999
0.99999980692343371	0.020380117000000003	3407310.8999999999
0.99999981340088295	0.020380117	3407310.8999999994
0.99999982117025166	0.020380117	3407310.8999999999
0.9999998269972783	0.020380117	3407310.8999999994
0.99999983088196265	0.020380117	3407310.8999999999
0.99999983544996973	0.020380117	3407310.8999999999
0.99999984070129933	0.020380117	3407310.8999999999
0.99999984595262892	0.020380117	3407310.8999999999
0.99999985120395851	0.020380117	3407310.8999999999
0.99999985514245571	0.020380117	3407310.8999999999
0.99999985965390947	0.020380117	3407310.8999999999
0.99999986473831959	0.020380117	3407310.8999999999
0.99999986850989742	0.020380117	3407310.8999999999
0.99999987228147513	0.020380117	3407310.8999999999
0.99999987605305285	0.020380117	3407310.8999999999
0.99999987982463068	0.020380117	3407310.8999999999
0.99999988359620851	0.020380117	3407310.8999999999
0.99999988925357508	0.020380117	3407310.8999999994
0.99999989558631919	0.020380117	3407310.8999999999
0.99999989942806855	0.020380117	3407310.8999999999
0.99999990198923494	0.020380117	3407310.8999999999
0.9999999058309843	0.020380117	3407310.8999999999
0.99999990967273367	0.020380117	3407310.8999999999
0.99999991223390006	0.020380117	3407310.8999999999
0.99999991437434121	0.020380117	3407310.9000000004
0.99999991725707771	0.020380117	3407310.8999999994
0.99999992044297725	0.020380117	3407310.8999999999
0.99999992276901883	0.020380117	3407310.8999999999
0.99999992509506019	0.020380117	3407310.8999999999
0.99999992742110178	0.020380117	3407310.8999999999
0.99999993015340038	0.020380117	3407310.8999999999
0.99999993304107071	0.020380117	3407310.8999999999
0.99999993542697063	0.020380117	3407310.8999999999
0.99999993809573906	0.020380117	3407310.8999999999
0.99999994114816793	0.020380117	3407310.8999999999
0.99999994405050363	0.020380117	3407310.8999999999
0.9999999462272553	0.020380117	3407310.8999999999
0.99999994817214133	0.020380117	3407310.8999999999
0.99999995037887968	0.020380117	3407310.8999999999
0.99999995235375216	0.020380117	3407310.8999999999
0.99999995383490659	0.020380117	3407310.8999999999
0.99999995528094099	0.020380117	3407310.8999999999
0.99999995669185537	0.020380117	3407310.8999999999
0.99999995783835072	0.020380117	3407310.8999999999
0.99999995990204238	0.020380117	3407310.8999999999
0.99999996196573393	0.020380117	3407310.8999999999
0.99999996326990082	0.020380117	3407310.8999999999
0.99999996450244022	0.020380117	3407310.8999999999
0.99999996553437942	0.020380117	3407310.8999999999
0.99999996657355261	0.020380117	3407310.8999999999
0.99999996775394351	0.020380117	3407310.8999999999
0.99999996915813549	0.020380117	3407310.8999999999
0.99999997066529078	0.020380117	3407310.8999999999
0.99999997189502143	0.020380117	3407310.8999999999
0.99999997316545497	0.020380117	3407310.8999999999
0.99999997454950162	0.020380117	3407310.8999999999
0.99999997572325117	0.020380117	3407310.8999999999
0.99999997674381702	0.020380117	3407310.8999999999
0.99999997770296045	0.020380117	3407310.8999999999
0.99999997856062728	0.020380117	3407310.9000000004
0.9999999792038774	0.020380117	3407310.8999999999
0.99999997963271092	0.020380117	3407310.8999999999
0.99999998027596115	0.020380117	3407310.8999999999
0.99999998091921127	0.020380117	3407310.8999999999
0.99999998157023506	0.020380117	3407310.8999999999
0.99999998229791354	0.020380116999999996	3407310.8999999999
0.9999999828800562	0.020380117000000003	3407310.8999999999
0.99999998346219887	0.020380116999999996	3407310.8999999999
0.99999998409842827	0.020380117	3407310.8999999999
0.99999998464320861	0.020380117	3407310.8999999999
0.99999998504245324	0.020380117	3407310.8999999999
0.99999998544169799	0.020380117	3407310.8999999999
0.99999998597491935	0.020380117	3407310.8999999999
0.9999999864424951	0.020380117	3407310.8999999999
0.99999998674394264	0.020380117	3407310.8999999999
0.99999998707888449	0.020380117	3407310.8999999999
0.99999998747418939	0.020380117	3407310.8999999999
0.99999998795264089	0.020380117	3407310.8999999994
0.99999998834871695	0.020380117	3407310.8999999999
0.99999998861685091	0.020380117	3407310.8999999999
0.99999998898391396	0.020380117	3407310.8999999999
0.99999998946818858	0.020380117	3407310.8999999994
0.99999998986369931	0.020380117	3407310.8999999999
0.9999999902308998	0.020380117	3407310.8999999999
0.99999999068060608	0.020380117	3407310.8999999994
0.99999999116725768	0.020380117	3407310.8999999999
0.99999999159488717	0.020380117	3407310.8999999999
0.99999999199880685	0.020380117	3407310.9000000004
0.99999999239325987	0.020380117	3407310.8999999999
0.99999999269589535	0.020380117	3407310.8999999999
0.99999999298346243	0.020380117	3407310.8999999999
0.99999999329672518	0.020380117	3407310.8999999999
0.99999999358849101	0.020380116999999996	3407310.8999999999
0.99999999379468929	0.020380117	3407310.8999999999
0.99999999404529594	0.020380117	3407310.8999999999
0.99999999430489694	0.020380117	3407310.8999999999
0.99999999455653787	0.020380117	3407310.8999999999
0.99999999483147706	0.020380117	3407310.8999999999
0.99999999505430615	0.020380117	3407310.8999999994
0.99999999524182148	0.020380117	3407310.8999999999
0.99999999543007845	0.020380117	3407310.8999999999
0.9999999956700365	0.020380117	3407310.8999999999
0.99999999586032517	0.020380117000000003	3407310.8999999999
0.99999999600360845	0.020380117000000003	3407310.8999999999
0.99999999617649848	0.020380117	3407310.8999999999
0.99999999636009318	0.020380117	3407310.8999999999
0.99999999649729232	0.020380117	3407310.8999999999
0.99999999664518024	0.020380117	3407310.8999999999
0.99999999680917029	0.020380117	3407310.8999999994
0.99999999692854102	0.020380117	3407310.8999999999
0.99999999706499243	0.020380117	3407310.8999999999
0.99999999720570742	0.020380117	3407310.8999999994
0.99999999729641598	0.020380117	3407310.8999999994
0.99999999740160384	0.020380117	3407310.8999999999
0.99999999752755608	0.020380117	3407310.8999999999
0.99999999764629788	0.020380117	3407310.8999999999
0.99999999775047554	0.020380117	3407310.8999999999
0.99999999781752658	0.020380117	3407310.8999999999
0.99999999788173777	0.020380117	3407310.8999999999
0.99999999797488726	0.020380117	3407310.8999999994
0.99999999807345397	0.020380117	3407310.8999999999
0.99999999816924467	0.020380117	3407310.8999999999
0.99999999825449848	0.020380117	3407310.8999999999
0.9999999983079183	0.020380117	3407310.8999999999
0.99999999837292641	0.020380117	3407310.8999999999
0.99999999845414045	0.020380117	3407310.8999999999
0.99999999852146426	0.020380117	3407310.8999999999
0.99999999858867561	0.020380117	3407310.8999999999
0.99999999865513578	0.020380117	3407310.8999999999
0.99999999871952827	0.020380117	3407310.8999999999
0.99999999877194334	0.020380117	3407310.8999999999
0.99999999882203805	0.020380117	3407310.8999999999
0.99999999887810964	0.020380117	3407310.8999999999
0.99999999892441571	0.020380117	3407310.8999999999
0.99999999897342062	0.020380117	3407310.8999999999
0.99999999901630909	0.020380117	3407310.8999999999
0.99999999905607106	0.020380117	3407310.8999999999
0.9999999990996209	0.020380117	3407310.8999999999
0.99999999914339521	0.020380117	3407310.8999999999
0.99999999918812144	0.020380117000000003	3407310.8999999999
0.99999999922655414	0.020380117	3407310.8999999994
0.99999999925526795	0.020380117	3407310.8999999999
0.99999999928467065	0.020380117	3407310.8999999999
0.99999999931832961	0.020380117	3407310.8999999999
0.99999999934850337	0.020380117	3407310.8999999999
0.99999999937665751	0.020380117	3407310.8999999999
0.99999999940475903	0.020380117	3407310.8999999994
0.9999999994308959	0.020380117	3407310.8999999999
0.99999999945510554	0.020380117	3407310.8999999999
0.99999999948366702	0.020380117	3407310.8999999994
0.99999999950699703	0.020380117	3407310.8999999999
0.99999999952447904	0.020380117	3407310.8999999999
0.99999999954529206	0.020380117	3407310.8999999999
0.99999999956759544	0.020380117	3407310.8999999999
0.99999999958904739	0.020380117	3407310.8999999999
0.9999999996092338	0.020380117	3407310.8999999999
0.99999999962568964	0.020380117	3407310.8999999999
0.99999999964113218	0.020380116999999996	3407310.8999999999
0.99999999965840369	0.020380117	3407310.8999999999
0.99999999967429498	0.020380117	3407310.8999999999
0.99999999968828457	0.020380117	3407310.8999999999
0.99999999970297093	0.020380117000000003	3407310.8999999994
0.99999999972015519	0.020380117	3407310.8999999994
0.99999999973280707	0.020380117	3407310.8999999999
0.99999999974366494	0.020380117	3407310.8999999999
0.9999999997567256	0.020380117	3407310.8999999999
0.99999999976924947	0.020380117	3407310.8999999999
0.99999999978138143	0.020380117	3407310.8999999999
0.99999999979038401	0.020380117	3407310.8999999999
0.99999999979802601	0.020380117	3407310.8999999994
0.99999999980699128	0.020380117	3407310.8999999999
0.99999999981681431	0.020380117	3407310.8999999999
0.99999999982614485	0.020380117	3407310.8999999994
0.9999999998340785	0.020380117	3407310.8999999999
0.99999999984205501	0.020380117	3407310.8999999994
0.99999999985087318	0.020380117	3407310.8999999999
0.99999999985776544	0.020380117	3407310.8999999994
0.99999999986263322	0.020380117	3407310.8999999999
0.99999999986924193	0.020380117	3407310.8999999994
0.99999999987492116	0.020380117	3407310.9000000004
0.99999999988005084	0.020380117	3407310.8999999999
0.99999999988506416	0.020380117	3407310.8999999999
0.9999999998898802	0.020380117	3407310.8999999999
0.99999999989474142	0.020380117	3407310.8999999999
0.99999999989880206	0.020380117000000003	3407310.8999999999
0.99999999990367827	0.020380117	3407310.8999999999
0.99999999990835753	0.020380117	3407310.8999999999
0.9999999999128224	0.020380117	3407310.8999999999
0.99999999991721	0.020380117	3407310.8999999999
0.99999999992145638	0.020380117	3407310.8999999999
0.99999999992560062	0.020380117	3407310.8999999999
0.99999999992937294	0.020380117	3407310.8999999999
0.99999999993280486	0.020380117	3407310.8999999999
0.9999999999363729	0.020380117	3407310.8999999999
0.99999999993926525	0.020380117000000003	3407310.8999999999
0.99999999994172484	0.020380117	3407310.8999999999
0.99999999994441713	0.020380117	3407310.8999999999
0.99999999994663402	0.020380117	3407310.8999999994
0.99999999994920541	0.020380117	3407310.8999999999
0.99999999995163524	0.020380117	3407310.9000000004
0.9999999999535133	0.020380116999999996	3407310.8999999999
0.99999999995569078	0.020380117	3407310.8999999999
0.99999999995776756	0.020380117	3407310.8999999999
0.99999999995977507	0.020380117000000003	3407310.8999999999
0.99999999996146993	0.020380117	3407310.8999999999
0.99999999996304656	0.020380117	3407310.8999999999
0.99999999996474531	0.020380117	3407310.8999999999
0.99999999996606781	0.020380117	3407310.8999999999
0.99999999996745226	0.020380117	3407310.8999999999
0.99999999996880828	0.020380117000000003	3407310.8999999994
0.99999999996986988	0.020380117	3407310.8999999999
0.99999999997127276	0.020380117	3407310.8999999994
0.99999999997255329	0.020380117	3407310.8999999999
0.99999999997342193	0.020380117	3407310.8999999999
0.99999999997436551	0.020380117	3407310.8999999999
0.99999999997513589	0.020380117	3407310.8999999999
0.99999999997592925	0.020380117	3407310.8999999999
0.99999999997710431	0.020380117	3407310.8999999999
0.99999999997815636	0.020380117	3407310.8999999999
0.99999999997906408	0.020380117000000003	3407310.8999999999
0.99999999998006284	0.020380117	3407310.8999999999
0.9999999999810405	0.020380117	3407310.8999999999
0.99999999998180078	0.020380117	3407310.8999999999
0.99999999998235367	0.020380116999999996	3407310.8999999999
0.99999999998314637	0.020380117	3407310.8999999994
0.99999999998388811	0.020380117	3407310.8999999999
0.99999999998444911	0.020380117	3407310.8999999999
0.99999999998503086	0.020380117000000003	3407310.8999999994
0.99999999998562428	0.020380117	3407310.8999999999
0.99999999998636047	0.020380117	3407310.8999999999
0.99999999998697842	0.020380117	3407310.8999999999
0.9999999999874829	0.020380117	3407310.8999999999
0.99999999998803135	0.020380117	3407310.8999999994
0.99999999998845346	0.020380117	3407310.8999999999
0.99999999998895195	0.020380117	3407310.8999999999
0.99999999998943179	0.020380117	3407310.8999999999
0.9999999999898157	0.020380117	3407310.8999999999
0.9999999999902911	0.020380117	3407310.8999999999
0.99999999999071254	0.020380117	3407310.8999999999
0.99999999999103539	0.020380117	3407310.8999999999
0.99999999999126277	0.020380117	3407310.8999999999
0.99999999999154465	0.020380117	3407310.8999999999
0.99999999999191114	0.020380117	3407310.8999999999
0.99999999999226052	0.020380117	3407310.8999999999
0.99999999999258837	0.020380117	3407310.8999999999
0.99999999999289169	0.020380117	3407310.8999999999
0.99999999999322364	0.020380117	3407310.8999999999
0.99999999999353972	0.020380117	3407310.8999999999
0.99999999999382538	0.020380117	3407310.8999999999
0.99999999999409162	0.020380117	3407310.8999999999
0.99999999999433287	0.020380117	3407310.8999999999
0.99999999999459455	0.020380117	3407310.8999999999
0.99999999999481615	0.020380117	3407310.8999999999
0.99999999999504952	0.020380117000000003	3407310.8999999999
0.99999999999531419	0.020380117	3407310.8999999999
0.99999999999551847	0.020380117	3407310.8999999999
0.9999999999957041	0.020380117	3407310.8999999999
0.99999999999588973	0.020380117	3407310.8999999999
0.99999999999607514	0.020380117	3407310.8999999999
0.99999999999626077	0.020380117	3407310.8999999999
0.99999999999644629	0.020380117	3407310.8999999999
0.9999999999966277	0.020380117	3407310.8999999999
0.999999999996805	0.020380117	3407310.8999999999
0.99999999999698219	0.020380117	3407310.8999999999
0.99999999999715938	0.020380117	3407310.8999999999
0.99999999999729239	0.020380117	3407310.8999999999
0.99999999999738098	0.020380117	3407310.8999999999
0.99999999999751399	0.020380117	3407310.8999999999
0.99999999999764688	0.020380117	3407310.8999999999
0.99999999999773548	0.020380117	3407310.8999999999
0.99999999999782407	0.020380117	3407310.8999999999
0.99999999999791278	0.020380117	3407310.8999999999
0.99999999999800138	0.020380117	3407310.8999999999
0.99999999999808997	0.020380117	3407310.8999999999
0.99999999999815636	0.020380117	3407310.8999999999
0.99999999999820077	0.020380117	3407310.8999999999
0.99999999999826716	0.020380117	3407310.8999999999
0.99999999999835587	0.020380117	3407310.8999999999
0.99999999999842237	0.020380117	3407310.8999999999
0.99999999999846656	0.020380117	3407310.8999999999
0.99999999999853306	0.020380117	3407310.8999999999
0.99999999999862177	0.020380117	3407310.8999999999
0.99999999999868816	0.020380117	3407310.8999999999
0.99999999999873257	0.020380117	3407310.8999999999
0.99999999999877676	0.020380117	3407310.8999999999
0.99999999999882117	0.020380117	3407310.8999999999
0.99999999999886535	0.020380117	3407310.8999999999
0.99999999999890976	0.020380117	3407310.8999999999
0.99999999999895395	0.020380117	3407310.8999999999
0.99999999999899836	0.020380117	3407310.8999999999
0.99999999999904277	0.020380117	3407310.8999999999
0.99999999999908695	0.020380117	3407310.8999999999
0.99999999999913136	0.020380117	3407310.8999999999
0.99999999999916445	0.020380117	3407310.8999999999
0.99999999999918665	0.020380117	3407310.8999999999
0.99999999999921996	0.020380117	3407310.8999999999
0.99999999999925315	0.020380117	3407310.8999999999
0.99999999999928635	0.020380117	3407310.8999999999
0.99999999999931966	0.020380117	3407310.8999999999
0.99999999999934175	0.020380117	3407310.8999999999
0.99999999999936395	0.020380117	3407310.8999999999
0.99999999999939448	0.020380117	3407310.8999999999
0.99999999999942379	0.020380117	3407310.8999999999
0.99999999999944333	0.020380117	3407310.8999999999
0.99999999999946287	0.020380117	3407310.8999999999
0.99999999999948241	0.020380117	3407310.8999999999
0.99999999999950195	0.020380117	3407310.8999999999
0.99999999999952149	0.020380117	3407310.8999999999
0.99999999999954103	0.020380117	3407310.8999999999
0.99999999999956057	0.020380117	3407310.8999999999
0.99999999999958011	0.020380117	3407310.8999999999
0.99999999999959965	0.020380117	3407310.8999999999
0.99999999999961919	0.020380117	3407310.8999999999
0.99999999999963862	0.020380117	3407310.8999999999
0.99999999999965816	0.020380117	3407310.8999999999
0.9999999999996777	0.020380117	3407310.8999999999
0.99999999999969724	0.020380117	3407310.8999999999
0.99999999999971678	0.020380117	3407310.8999999999
0.99999999999973632	0.020380117	3407310.8999999999
0.99999999999975586	0.020380117	3407310.8999999999
0.9999999999997754	0.020380117	3407310.8999999999
0.99999999999979494	0.020380117	3407310.8999999999
0.99999999999981448	0.020380117	3407310.8999999999
0.99999999999983402	0.020380117	3407310.8999999999
0.99999999999985356	0.020380117	3407310.8999999999
0.99999999999987299	0.020380117	3407310.8999999999
0.99999999999989253	0.020380117	3407310.8999999999
0.99999999999991207	0.020380117	3407310.8999999999
0.99999999999993161	0.020380117	3407310.8999999999
0.99999999999995115	0.020380117	3407310.8999999999
0.99999999999997069	0.020380117	3407310.8999999999
0.99999999999999023	0.020380117	3407310.8999999999
