950
5.05006458988814799D-02	4.48272449999999978D+01
5.15006952361268810D-02	5.51527669999999972D+01
5.25009270674913209D-02	5.50189340000000016D+01
5.35005048223480273D-02	6.23139809999999983D+01
5.45003022923640223D-02	6.53965570000000014D+01
5.55002592554889596D-02	7.62327709999999996D+01
5.65004810610596486D-02	8.03157080000000008D+01
5.75005803254124981D-02	8.41132800000000032D+01
5.85006008300897884D-02	9.14137230000000045D+01
5.95005985019748662D-02	9.73704060000000027D+01
6.05004984952648428D-02	1.10381780000000006D+02
6.15007148281430105D-02	1.14847809999999996D+02
6.25008473323759306D-02	1.30376499999999993D+02
6.35009137605715424D-02	1.33603720000000010D+02
6.45007649145640238D-02	1.39827689999999990D+02
6.55006806867037827D-02	1.55101249999999993D+02
6.65005444458327544D-02	1.62627749999999992D+02
6.75002632571038985D-02	1.71255369999999999D+02
6.85005271732517240D-02	1.97115330000000000D+02
6.95010477340207711D-02	2.10244110000000006D+02
7.05011329129183739D-02	1.99137529999999998D+02
7.15008379639557878D-02	2.15494450000000001D+02
7.25006683934883434D-02	2.36114599999999996D+02
7.35006400812970861D-02	2.49748009999999994D+02
7.45005274582355437D-02	2.72476549999999975D+02
7.55003069737817389D-02	2.74935749999999985D+02
7.65002326371411190D-02	2.85742610000000013D+02
7.75002617882244449D-02	2.95965700000000027D+02
7.85003197158031796D-02	3.11671839999999975D+02
7.95003735725059446D-02	3.21265100000000018D+02
8.05004845336182440D-02	3.35391700000000014D+02
8.15007769010399619D-02	3.67108000000000004D+02
8.25006362416422778D-02	3.77699349999999981D+02
8.35004895488251631D-02	3.62279179999999997D+02
8.45007711054358568D-02	4.07666560000000004D+02
8.55010449800901462D-02	4.18134689999999978D+02
8.65011839887531719D-02	4.29105520000000013D+02
8.75009433517808244D-02	4.62847109999999986D+02
8.85004733327207083D-02	4.68352770000000021D+02
8.95006185093774054D-02	4.65912730000000010D+02
9.05009134112839675D-02	4.80372209999999995D+02
9.15010234303753611D-02	5.14085140000000024D+02
9.25007625175247039D-02	5.07997529999999983D+02
9.35007867902855061D-02	5.29477639999999951D+02
9.45011430805536845D-02	5.52613640000000032D+02
9.55010951653562090D-02	5.83679300000000012D+02
9.65009454894728558D-02	5.86375970000000052D+02
9.75006395726953912D-02	6.01550740000000019D+02
9.85009408332427894D-02	5.98094349999999963D+02
9.95009741449184304D-02	6.27243090000000052D+02
1.00500803239921499D-01	6.63330259999999953D+02
1.01501037246905845D-01	6.73658519999999953D+02
1.02501307308618617D-01	7.20128529999999955D+02
1.03501080274876700D-01	7.25273559999999975D+02
1.04500758209169597D-01	7.04736130000000003D+02
1.05500980429678259D-01	7.06519739999999956D+02
1.06500893252395645D-01	7.35670749999999998D+02
1.07500650350087379D-01	7.43610890000000040D+02
1.08500646687442859D-01	8.09632690000000025D+02
1.09500769849968482D-01	7.63872169999999983D+02
1.10500949343100840D-01	8.41873270000000048D+02
1.11500802470851146D-01	7.74803520000000049D+02
1.12500572756835449D-01	8.62874149999999986D+02
1.13500529305022524D-01	8.55881020000000035D+02
1.14500575423696516D-01	9.10171839999999975D+02
1.15500877357116116D-01	9.07674160000000029D+02
1.16501146880531148D-01	9.33556119999999964D+02
1.17500870233688715D-01	9.36418959999999970D+02
1.18500956107887245D-01	9.28625459999999975D+02
1.19501223096817655D-01	1.03668769999999995D+03
1.20500682291615702D-01	9.75233609999999999D+02
1.21500334948348110D-01	1.00090409999999997D+03
1.22500837868654511D-01	9.92355649999999969D+02
1.23501112640471478D-01	1.00081320000000005D+03
1.24500970971765823D-01	1.18462429999999995D+03
1.25500956038514189D-01	1.06617419999999993D+03
1.26500718137888435D-01	1.06010400000000004D+03
1.27500529379352523D-01	1.14573180000000002D+03
1.28500680892221220D-01	1.13108240000000001D+03
1.29500813598315889D-01	1.09838259999999991D+03
1.30500753649922863D-01	1.14414969999999994D+03
1.31500534410282310D-01	1.12874579999999992D+03
1.32500278005674543D-01	1.24778999999999996D+03
1.33500575105629737D-01	1.22977849999999989D+03
1.34501013463861230D-01	1.21517939999999999D+03
1.35501080733147039D-01	1.18737320000000000D+03
1.36500920459528774D-01	1.32150009999999997D+03
1.37501106344945834D-01	1.38319769999999994D+03
1.38501007728837999D-01	1.34602629999999999D+03
1.39500624521489147D-01	1.32280449999999996D+03
1.40500908365864596D-01	1.41178350000000000D+03
1.41500738358030453D-01	1.34668939999999998D+03
1.42501064178408465D-01	1.36835310000000004D+03
1.43501249211520743D-01	1.39776990000000001D+03
1.44500681042854739D-01	1.47439859999999999D+03
1.45500814264817868D-01	1.41055459999999994D+03
1.46500836989972960D-01	1.39211470000000008D+03
1.47500710416030745D-01	1.47919669999999996D+03
1.48500991535274296D-01	1.49065599999999995D+03
1.49500953197289177D-01	1.49443370000000004D+03
1.50500814029424723D-01	1.55444820000000004D+03
1.51500928960482062D-01	1.47771160000000009D+03
1.52501138575854123D-01	1.53772569999999996D+03
1.53500860403834927D-01	1.67824430000000007D+03
1.54500408171026504D-01	1.63478880000000004D+03
1.55500395704972205D-01	1.62772859999999991D+03
1.56500457277274685D-01	1.64487770000000000D+03
1.57500585867635046D-01	1.65912400000000002D+03
1.58500979995742530D-01	1.81907570000000010D+03
1.59501076972330180D-01	1.69823170000000005D+03
1.60500580262677994D-01	1.68915499999999997D+03
1.61500907619447243D-01	1.68379559999999992D+03
1.62501295915996713D-01	1.77019479999999999D+03
1.63501292679504528D-01	1.82744679999999994D+03
1.64501208485288042D-01	1.81544059999999990D+03
1.65501010317757657D-01	1.76631520000000000D+03
1.66500812767026884D-01	1.86006359999999995D+03
1.67500457674515824D-01	1.77719299999999998D+03
1.68500444614091416D-01	1.88768720000000008D+03
1.69500726978148331D-01	1.86059709999999995D+03
1.70500844645552152D-01	1.79665190000000007D+03
1.71500810591519226D-01	1.93892309999999998D+03
1.72500694491952045D-01	1.90000579999999991D+03
1.73500800642029107D-01	2.05639519999999993D+03
1.74500746390619632D-01	2.05233550000000014D+03
1.75500566794358437D-01	1.98269929999999999D+03
1.76500760821527436D-01	1.97249170000000004D+03
1.77500767207105836D-01	2.13418760000000020D+03
1.78500932255917788D-01	2.17874290000000019D+03
1.79500797024354841D-01	2.12680960000000005D+03
1.80500362712372353D-01	2.06358050000000003D+03
1.81500330441450419D-01	2.12010980000000018D+03
1.82500433092592562D-01	2.13218319999999994D+03
1.83500513875392568D-01	2.08845179999999982D+03
1.84500604897062437D-01	2.28532119999999986D+03
1.85500753752086744D-01	2.11987710000000015D+03
1.86500815301959944D-01	2.41657580000000007D+03
1.87500765211142673D-01	2.26803290000000015D+03
1.88500520312647413D-01	2.25961160000000018D+03
1.89500276782325172D-01	2.21877179999999998D+03
1.90500616800303835D-01	2.28545620000000008D+03
1.91501176578300014D-01	2.40317569999999978D+03
1.92501029930340906D-01	2.20354080000000022D+03
1.93500545141738756D-01	2.26926279999999997D+03
1.94500504325341717D-01	2.19446489999999994D+03
1.95500595212437012D-01	2.41197910000000002D+03
1.96500451861551295D-01	2.58428260000000000D+03
1.97500331937828011D-01	2.36638329999999996D+03
1.98500280220903158D-01	2.50241949999999997D+03
1.99500720653823405D-01	2.43278729999999996D+03
2.00501022250807015D-01	2.57999089999999978D+03
2.01500552276604905D-01	2.75318530000000010D+03
2.02500544386080894D-01	2.62230980000000000D+03
2.03500553889299773D-01	2.52227599999999984D+03
2.04500255183468149D-01	2.62744770000000017D+03
2.05500474263907051D-01	2.62707200000000012D+03
2.06500756695251253D-01	2.68287699999999995D+03
2.07500854782077915D-01	2.60425509999999986D+03
2.08500627355827084D-01	2.74311520000000019D+03
2.09500633169464323D-01	2.55991490000000022D+03
2.10501174017326043D-01	2.63006779999999981D+03
2.11500927694584728D-01	2.60370949999999993D+03
2.12500516921910076D-01	2.80555299999999988D+03
2.13500637740598243D-01	2.59465200000000004D+03
2.14500826059569105D-01	2.85227439999999979D+03
2.15500830729323467D-01	2.90273230000000012D+03
2.16500679169398413D-01	2.71771369999999979D+03
2.17500546214386081D-01	2.92360129999999981D+03
2.18500405667133801D-01	3.09277269999999999D+03
2.19500607151968286D-01	2.88368780000000015D+03
2.20500551599672856D-01	2.94670020000000022D+03
2.21500420438985990D-01	2.96474249999999984D+03
2.22500416518407240D-01	2.91571149999999989D+03
2.23500488912735440D-01	2.92560249999999996D+03
2.24500715361123593D-01	3.00319810000000007D+03
2.25500884043444816D-01	2.97209059999999999D+03
2.26500855271457469D-01	3.07780519999999979D+03
2.27500745272597116D-01	3.01814170000000013D+03
2.28500760349439669D-01	3.05157960000000003D+03
2.29500590162172946D-01	3.26221590000000015D+03
2.30500755749282527D-01	3.14577990000000000D+03
2.31500776085741600D-01	3.11089600000000019D+03
2.32500754502271145D-01	3.17206419999999980D+03
2.33500984741171980D-01	3.15871189999999979D+03
2.34500592898631455D-01	3.21364780000000019D+03
2.35500581441885570D-01	3.22172280000000001D+03
2.36501001397065869D-01	3.03340099999999984D+03
2.37500924054929841D-01	3.17137120000000004D+03
2.38500735845906253D-01	3.23189240000000018D+03
2.39500867553907426D-01	3.37736729999999989D+03
2.40500808312030023D-01	3.34241850000000022D+03
2.41500527403664567D-01	3.36269149999999991D+03
2.42500457193972507D-01	3.40105029999999988D+03
2.43500544469987812D-01	3.39242410000000018D+03
2.44500416393297892D-01	3.35731700000000001D+03
2.45500206125285114D-01	3.59364710000000014D+03
2.46500264142580083D-01	3.61216980000000012D+03
2.47500477234457672D-01	3.32111439999999993D+03
2.48500752454856144D-01	3.46389359999999988D+03
2.49500655722790121D-01	3.80966210000000001D+03
2.50500634486970131D-01	3.75160109999999986D+03
2.51500633280308694D-01	3.47667459999999983D+03
2.52500449108517544D-01	3.39298360000000002D+03
2.53500862772343849D-01	3.57512849999999980D+03
2.54500778477196654D-01	3.64031869999999981D+03
2.55500575285555032D-01	3.52859189999999990D+03
2.56501002821760582D-01	3.84434839999999986D+03
2.57501009050335350D-01	3.64742000000000007D+03
2.58500716759217264D-01	3.74822200000000021D+03
2.59500392910399391D-01	3.71760759999999982D+03
2.60500446251233475D-01	3.80039699999999993D+03
2.61500690429800620D-01	3.77363050000000021D+03
2.62500713850256751D-01	3.84781080000000020D+03
2.63500485156763831D-01	3.81797839999999997D+03
2.64500439349898753D-01	3.95521169999999984D+03
2.65500696223318844D-01	3.75739989999999989D+03
2.66500973081039372D-01	4.00616080000000011D+03
2.67501043277319051D-01	3.95264719999999988D+03
2.68500871116293949D-01	3.87201150000000007D+03
2.69500967375151723D-01	3.95058980000000020D+03
2.70500650636348317D-01	3.83962890000000016D+03
2.71500490127224881D-01	4.06885350000000017D+03
2.72500721409077329D-01	4.02318660000000000D+03
2.73500488622279048D-01	4.08093580000000020D+03
2.74500467027594008D-01	3.97101330000000007D+03
2.75500520357213619D-01	3.97671990000000005D+03
2.76500574550352374D-01	4.09004970000000003D+03
2.77500754839716701D-01	4.17592759999999998D+03
2.78500834859928381D-01	4.31209599999999955D+03
2.79500723582611132D-01	4.15832290000000012D+03
2.80500397928252987D-01	4.19573430000000008D+03
2.81500656326849841D-01	4.13089599999999973D+03
2.82501036672294426D-01	4.36820719999999983D+03
2.83500886973982125D-01	4.33851540000000023D+03
2.84500544307175307D-01	4.22555059999999958D+03
2.85500415983765632D-01	4.35027490000000034D+03
2.86500504717670523D-01	4.22219139999999970D+03
2.87500686027557406D-01	4.14010999999999967D+03
2.88500777060441971D-01	4.55494679999999971D+03
2.89500458168448160D-01	4.28000709999999981D+03
2.90500584336469192D-01	4.38610620000000017D+03
2.91500754622468716D-01	4.61992079999999987D+03
2.92500487126686415D-01	4.65124529999999959D+03
2.93500573348535632D-01	4.37100410000000011D+03
2.94500754007979593D-01	4.40807089999999971D+03
2.95500602784490529D-01	4.46315160000000014D+03
2.96500782535557228D-01	4.64672649999999976D+03
2.97500845296600369D-01	4.78197649999999976D+03
2.98500667808671571D-01	4.64812029999999959D+03
2.99500584747123155D-01	4.59152329999999984D+03
3.00500736787075007D-01	4.66469369999999981D+03
3.01500865388650063D-01	4.68530590000000029D+03
3.02500600281563448D-01	4.57772320000000036D+03
3.03500748306712143D-01	4.55348099999999977D+03
3.04500954972661497D-01	4.81331469999999990D+03
3.05500694160741770D-01	4.99027430000000004D+03
3.06500787290744148D-01	4.67111499999999978D+03
3.07500878772209996D-01	4.90713270000000011D+03
3.08500495923726192D-01	4.63046680000000015D+03
3.09500690892916097D-01	4.84407399999999961D+03
3.10500757937911431D-01	4.89599030000000039D+03
3.11500583388190755D-01	4.76954219999999987D+03
3.12500788293458176D-01	4.97639159999999993D+03
3.13500865487607139D-01	4.90125180000000000D+03
3.14500535706300322D-01	5.05498469999999998D+03
3.15500698108482247D-01	5.03693500000000040D+03
3.16500681481835855D-01	5.21857030000000032D+03
3.17500512909462018D-01	4.97624709999999959D+03
3.18500871431422694D-01	5.11770420000000013D+03
3.19500606739273940D-01	5.10920709999999963D+03
3.20500439333211706D-01	5.04723340000000007D+03
3.21500656753899605D-01	4.86399539999999979D+03
3.22500796805514245D-01	5.34338609999999971D+03
3.23500671610959745D-01	5.23138569999999982D+03
3.24500428035779498D-01	5.37128840000000037D+03
3.25500530070122251D-01	5.13579579999999987D+03
3.26500524130927339D-01	5.21927059999999983D+03
3.27500399082161775D-01	5.29625900000000001D+03
3.28500682332167004D-01	5.41719160000000011D+03
3.29500867320421276D-01	5.03822260000000006D+03
3.30500535711145349D-01	5.41461210000000028D+03
3.31500580147639168D-01	5.09181220000000030D+03
3.32500920816060863D-01	5.60894419999999991D+03
3.33500750808226609D-01	5.29689950000000044D+03
3.34500814556148773D-01	5.64030050000000028D+03
3.35500811263583887D-01	5.55379339999999956D+03
3.36500512770828264D-01	5.49551649999999972D+03
3.37500620524583739D-01	5.56746330000000034D+03
3.38500604256802395D-01	5.53889480000000003D+03
3.39500460804985749D-01	5.40861809999999969D+03
3.40500522713724219D-01	5.73484959999999955D+03
3.41500453244191426D-01	6.01787920000000031D+03
3.42500416117376139D-01	5.16977679999999964D+03
3.43500548778612469D-01	5.55962780000000021D+03
3.44500779163302240D-01	5.75236039999999957D+03
3.45500928108042782D-01	5.72066020000000026D+03
3.46500709316983624D-01	5.69359199999999964D+03
3.47500597064001826D-01	5.62260689999999977D+03
3.48500869155545234D-01	6.00583780000000024D+03
3.49500812358436441D-01	5.86719980000000032D+03
3.50500762435837276D-01	5.89422900000000027D+03
3.51500752302406405D-01	5.89859079999999994D+03
3.52500476193861600D-01	5.71639570000000003D+03
3.53500528772107359D-01	5.80669059999999990D+03
3.54500771021774685D-01	5.99105450000000019D+03
3.55500591761949480D-01	6.04947220000000016D+03
3.56500304472513796D-01	5.90364829999999984D+03
3.57500482373182327D-01	5.86554870000000028D+03
3.58500471387446784D-01	5.94485589999999956D+03
3.59500627173053200D-01	5.88473589999999967D+03
3.60500687085604565D-01	6.23715130000000045D+03
3.61500503025958708D-01	6.27037439999999970D+03
3.62500384896560890D-01	5.90359280000000035D+03
3.63500281727352048D-01	5.98151199999999972D+03
3.64500651497490669D-01	6.30730119999999988D+03
3.65500536104439222D-01	6.21137950000000001D+03
3.66500249846740789D-01	6.11770480000000043D+03
3.67500473424208107D-01	6.29553160000000025D+03
3.68500860632947735D-01	6.17609640000000036D+03
3.69500904744220038D-01	6.45320629999999983D+03
3.70500451176881795D-01	6.30734940000000006D+03
3.71500294660132568D-01	6.76351069999999982D+03
3.72500495965534473D-01	6.44422130000000016D+03
3.73500825430636230D-01	6.12002959999999985D+03
3.74501000213664059D-01	6.37912539999999990D+03
3.75500956571204081D-01	6.55521240000000034D+03
3.76500947301292466D-01	6.59133650000000034D+03
3.77500643335843877D-01	6.47911129999999957D+03
3.78500643295494044D-01	6.56961390000000029D+03
3.79500612112382063D-01	6.36672209999999995D+03
3.80500352018192434D-01	6.32496609999999964D+03
3.81500748770500886D-01	6.22533269999999993D+03
3.82501033119530431D-01	6.65339390000000003D+03
3.83501019532022980D-01	6.63167990000000009D+03
3.84500822138295617D-01	6.64391899999999987D+03
3.85500556391980775D-01	6.84725929999999971D+03
3.86500569259560001D-01	6.88956909999999971D+03
3.87500588328776763D-01	6.81505950000000030D+03
3.88500765377140511D-01	6.82024880000000030D+03
3.89500638679838418D-01	6.83142749999999978D+03
3.90500306050040047D-01	6.94960599999999977D+03
3.91500455959230331D-01	6.68986819999999989D+03
3.92500497973384710D-01	6.82610519999999997D+03
3.93500630623406566D-01	6.84440250000000015D+03
3.94500846642277692D-01	7.03948260000000028D+03
3.95500614102199166D-01	6.78955749999999989D+03
3.96500424850223854D-01	7.06436380000000008D+03
3.97500399958465644D-01	6.90743490000000020D+03
3.98500654353473593D-01	6.95122419999999966D+03
3.99500809264346279D-01	6.79815849999999955D+03
4.00500704379313621D-01	7.25531819999999971D+03
4.01500853907209909D-01	6.73356310000000030D+03
4.02500713909469954D-01	7.43789120000000003D+03
4.03500570838947525D-01	7.09087740000000031D+03
4.04500603903903300D-01	7.46877769999999964D+03
4.05500542755555138D-01	7.06889140000000043D+03
4.06500435627615730D-01	7.28282840000000033D+03
4.07500323778357099D-01	7.17561669999999958D+03
4.08500423524934875D-01	7.31457530000000042D+03
4.09500651958295658D-01	7.76471349999999984D+03
4.10500654934655484D-01	7.38389320000000043D+03
4.11500548748736872D-01	7.59513690000000042D+03
4.12500512003215691D-01	7.28535099999999966D+03
4.13500588311416450D-01	7.35479330000000027D+03
4.14500617305496255D-01	7.39859680000000026D+03
4.15500532214116980D-01	7.36369989999999962D+03
4.16500683188688159D-01	7.24378790000000026D+03
4.17500732593220736D-01	7.63186790000000019D+03
4.18500396049549694D-01	7.52292320000000018D+03
4.19500415376700797D-01	7.63297850000000017D+03
4.20500831530153940D-01	7.28591259999999966D+03
4.21500860625164564D-01	7.50204569999999967D+03
4.22500516545326388D-01	7.87045309999999972D+03
4.23500377153171237D-01	7.73940549999999985D+03
4.24500580185611431D-01	7.76548559999999998D+03
4.25500796316627850D-01	7.82299529999999959D+03
4.26500965234454243D-01	7.78376199999999972D+03
4.27500666909916616D-01	7.65535679999999957D+03
4.28500576514062592D-01	7.61348260000000028D+03
4.29500787284531671D-01	7.86185310000000027D+03
4.30500621212999035D-01	8.01815160000000014D+03
4.31500421767011755D-01	7.61500529999999981D+03
4.32500247733159537D-01	8.38329819999999927D+03
4.33500344104162605D-01	7.86592100000000028D+03
4.34500776171040104D-01	7.90011440000000039D+03
4.35500801284890993D-01	7.79692550000000028D+03
4.36500376651051791D-01	7.99790830000000005D+03
4.37500447643563106D-01	8.35771709999999985D+03
4.38500803518893534D-01	8.01560800000000017D+03
4.39501021960104099D-01	8.18764040000000023D+03
4.40501001475657850D-01	8.28946899999999914D+03
4.41500497801779801D-01	8.22342959999999948D+03
4.42500279313513101D-01	8.46010510000000068D+03
4.43500396397761176D-01	7.60341700000000037D+03
4.44500542953805700D-01	8.26236050000000068D+03
4.45500425239345743D-01	8.24057289999999921D+03
4.46500232208072223D-01	7.98650910000000022D+03
4.47500574973611731D-01	8.14420820000000003D+03
4.48500751416390786D-01	8.63395010000000002D+03
4.49500817564223221D-01	8.46836260000000038D+03
4.50500723389071100D-01	8.40665289999999914D+03
4.51500522496409040D-01	8.46614960000000065D+03
4.52500763086325031D-01	8.55977469999999994D+03
4.53500621193328679D-01	8.61440760000000046D+03
4.54500568444666797D-01	8.69060729999999967D+03
4.55500968561335706D-01	8.67409319999999934D+03
4.56501023113339510D-01	8.11054129999999986D+03
4.57500817476929278D-01	9.02912060000000019D+03
4.58500795613095313D-01	8.41495110000000022D+03
4.59500999105331376D-01	8.61515380000000005D+03
4.60500676613472049D-01	8.74846639999999934D+03
4.61500629427219256D-01	9.06645679999999993D+03
4.62500875400111977D-01	8.98370520000000033D+03
4.63500672477618947D-01	8.84460870000000068D+03
4.64500710476970058D-01	8.75239199999999983D+03
4.65500889061725043D-01	8.55187930000000051D+03
4.66500555624480118D-01	8.74319059999999990D+03
4.67500294969563690D-01	8.60068779999999970D+03
4.68500336209915158D-01	8.72231160000000091D+03
4.69500737201317797D-01	8.79070360000000073D+03
4.70500672385816721D-01	9.30456539999999950D+03
4.71500380969432364D-01	8.91882370000000083D+03
4.72500575949836854D-01	8.95745319999999992D+03
4.73500344946149676D-01	8.83444110000000001D+03
4.74500148045861825D-01	9.44070119999999952D+03
4.75500160778866698D-01	9.02898819999999978D+03
4.76500669586803483D-01	9.31451740000000063D+03
4.77501017869894073D-01	9.01245639999999912D+03
4.78500607108434006D-01	9.32391339999999946D+03
4.79500467133123109D-01	9.16336260000000038D+03
4.80500838563012844D-01	9.60124699999999939D+03
4.81500681272460596D-01	9.45772969999999987D+03
4.82500292749422410D-01	9.38498329999999987D+03
4.83500822797687579D-01	9.28144839999999931D+03
4.84501058116772354D-01	9.37676729999999952D+03
4.85500646525436674D-01	9.30607289999999921D+03
4.86500772031800199D-01	9.35575690000000031D+03
4.87501053722985023D-01	9.33108810000000085D+03
4.88500686541205820D-01	9.29585419999999976D+03
4.89500463286762000D-01	9.59906300000000010D+03
4.90500468225665287D-01	9.65940790000000015D+03
4.91500301111181037D-01	9.75279550000000017D+03
4.92500390248809206D-01	9.60475339999999960D+03
4.93500323111899619D-01	9.81952700000000004D+03
4.94500205173148966D-01	9.84792799999999988D+03
4.95500205962674523D-01	9.42323970000000008D+03
4.96500593586352013D-01	9.38675629999999910D+03
4.97500793232002803D-01	9.58385089999999946D+03
4.98500360041473689D-01	9.74136230000000069D+03
4.99500258274081732D-01	9.83272129999999925D+03
5.00500663089640474D-01	1.00713880000000008D+04
5.01500631424303345D-01	9.95242230000000018D+03
5.02500510210908580D-01	9.98336479999999938D+03
5.03500502970827601D-01	1.02120630000000001D+04
5.04500377495909813D-01	9.43269629999999961D+03
5.05500398639815440D-01	9.92903379999999925D+03
5.06500444836991193D-01	9.87892950000000019D+03
5.07500418565845157D-01	1.02798870000000006D+04
5.08500434584708727D-01	1.01166139999999996D+04
5.09500578348334177D-01	1.03486790000000001D+04
5.10500408553576257D-01	1.03889560000000001D+04
5.11500284087966328D-01	1.03435370000000003D+04
5.12500337563374875D-01	1.03065660000000007D+04
5.13500364000540888D-01	1.03759660000000003D+04
5.14500716018071347D-01	1.01833250000000007D+04
5.15500863437635126D-01	1.03940859999999993D+04
5.16500698139905401D-01	1.04116530000000002D+04
5.17500867708174717D-01	1.00644390000000003D+04
5.18500565436120997D-01	1.00671980000000003D+04
5.19500499173945141D-01	1.02267019999999993D+04
5.20500595051508474D-01	9.96462880000000041D+03
5.21500445353196174D-01	9.67127859999999964D+03
5.22500741410199754D-01	1.10510270000000000D+04
5.23501043186615833D-01	1.08999809999999998D+04
5.24501151949679278D-01	1.08657009999999991D+04
5.25500789242499433D-01	1.11811309999999994D+04
5.26500603500673292D-01	1.06324060000000009D+04
5.27500508966656012D-01	1.08223269999999993D+04
5.28500247964089231D-01	1.08508279999999995D+04
5.29500469399580509D-01	1.05879169999999995D+04
5.30500467834053913D-01	1.02502129999999997D+04
5.31500206483836446D-01	1.06290190000000002D+04
5.32500253039877247D-01	1.05472520000000004D+04
5.33500404799465811D-01	1.05120509999999995D+04
5.34500328937648428D-01	1.13876090000000004D+04
5.35500490487525571D-01	1.07396560000000009D+04
5.36500707594206538D-01	1.06307870000000003D+04
5.37500452086761671D-01	1.11278060000000005D+04
5.38500236581560987D-01	1.12635859999999993D+04
5.39500457826405100D-01	1.16321700000000001D+04
5.40500655845948419D-01	1.12622389999999996D+04
5.41500619100427238D-01	1.08387090000000007D+04
5.42500826842971851D-01	1.13235390000000007D+04
5.43500770460800919D-01	1.10949830000000002D+04
5.44500340230908986D-01	1.11727019999999993D+04
5.45500445091314456D-01	1.09272009999999991D+04
5.46500559652292273D-01	1.12788520000000008D+04
5.47500478945796010D-01	1.19029099999999999D+04
5.48500458080055653D-01	1.05908400000000001D+04
5.49500661336786433D-01	1.17464459999999999D+04
5.50500616954167299D-01	1.13588060000000005D+04
5.51500323317305141D-01	1.12345789999999997D+04
5.52500338472649455D-01	1.12672209999999995D+04
5.53500450880436645D-01	1.15448050000000003D+04
5.54500827581157596D-01	1.12749290000000001D+04
5.55500717402864663D-01	1.17357180000000008D+04
5.56500554392899915D-01	1.21947739999999994D+04
5.57500746121089352D-01	1.16040049999999992D+04
5.58500488875391499D-01	1.11148430000000008D+04
5.59500379145680071D-01	1.19432900000000009D+04
5.60500511526553113D-01	1.10903169999999991D+04
5.61500488844058121D-01	1.22532680000000000D+04
5.62500336342112162D-01	1.17574089999999997D+04
5.63500579836592630D-01	1.18137970000000005D+04
5.64500670308750507D-01	1.12177759999999998D+04
5.65500564414409768D-01	1.19456070000000000D+04
5.66500676037179574D-01	1.17036710000000003D+04
5.67500571107288798D-01	1.28168439999999991D+04
5.68500464158781860D-01	1.21326110000000008D+04
5.69500230082312209D-01	1.15692090000000007D+04
5.70500649364620527D-01	1.21562960000000003D+04
5.71500799991541131D-01	1.23019629999999997D+04
5.72500350652082379D-01	1.22202659999999996D+04
5.73500319738119213D-01	1.22869060000000009D+04
5.74500252657282218D-01	1.18618340000000007D+04
5.75500475494590269D-01	1.18502839999999997D+04
5.76500510264155386D-01	1.18744449999999997D+04
5.77500566195547016D-01	1.29077659999999996D+04
5.78500670528869332D-01	1.26820480000000007D+04
5.79500289463496521D-01	1.18229410000000007D+04
5.80500269180911910D-01	1.31201990000000005D+04
5.81500557129807083D-01	1.23079210000000003D+04
5.82500708721177651D-01	1.24090419999999995D+04
5.83500750914764499D-01	1.20851380000000008D+04
5.84500786188983601D-01	1.21268430000000008D+04
5.85500787741097595D-01	1.20631110000000008D+04
5.86500773155496535D-01	1.22555720000000001D+04
5.87500892807872876D-01	1.27224290000000001D+04
5.88500713357400729D-01	1.26713220000000001D+04
5.89500776611883381D-01	1.33858999999999996D+04
5.90500853458381769D-01	1.34822369999999992D+04
5.91500652823653938D-01	1.22938259999999991D+04
5.92500984038222933D-01	1.24914529999999995D+04
5.93500849434674072D-01	1.36815840000000007D+04
5.94500367595494517D-01	1.25519220000000005D+04
5.95500327788405448D-01	1.28197909999999993D+04
5.96500436327178196D-01	1.26893790000000008D+04
5.97500611424213068D-01	1.31628349999999991D+04
5.98500610632489494D-01	1.22789580000000005D+04
5.99500627941024322D-01	1.29261890000000003D+04
6.00500718166462333D-01	1.26355210000000006D+04
6.01500611431031507D-01	1.29148840000000000D+04
6.02500468225934727D-01	1.32773709999999992D+04
6.03500408815839329D-01	1.30505619999999999D+04
6.04500748205804128D-01	1.35300759999999991D+04
6.05500757899670061D-01	1.28881700000000001D+04
6.06500328095930463D-01	1.30266779999999999D+04
6.07500433460989919D-01	1.42817630000000008D+04
6.08500554503968671D-01	1.34073459999999995D+04
6.09500557805550125D-01	1.41253860000000004D+04
6.10500596017977126D-01	1.32397309999999998D+04
6.11500408324822109D-01	1.31922399999999998D+04
6.12500453277184498D-01	1.26585409999999993D+04
6.13500317664327444D-01	1.40905249999999996D+04
6.14500610121465396D-01	1.36957350000000006D+04
6.15500881697140345D-01	1.29306530000000002D+04
6.16500481881065765D-01	1.37626810000000005D+04
6.17500533831297549D-01	1.30069079999999994D+04
6.18500550074451816D-01	1.34410380000000005D+04
6.19500405030171342D-01	1.37114009999999998D+04
6.20500387876441684D-01	1.37845210000000006D+04
6.21500276599124546D-01	1.35184740000000002D+04
6.22500292965638580D-01	1.31017160000000003D+04
6.23500630751924856D-01	1.38250040000000008D+04
6.24500535331959372D-01	1.40347199999999993D+04
6.25500253526431127D-01	1.43594840000000004D+04
6.26500437393231913D-01	1.44909500000000007D+04
6.27500453670029712D-01	1.41543449999999993D+04
6.28500411631248257D-01	1.41913230000000003D+04
6.29500308787261043D-01	1.43926479999999992D+04
6.30500649130461110D-01	1.40888840000000000D+04
6.31500975276060639D-01	1.45032720000000008D+04
6.32500786674528248D-01	1.46795439999999999D+04
6.33500715803178793D-01	1.44132299999999996D+04
6.34500516245046220D-01	1.38342320000000000D+04
6.35500437131013785D-01	1.41351520000000000D+04
6.36500596662274765D-01	1.39701080000000002D+04
6.37500802924500842D-01	1.30548099999999995D+04
6.38500528228987507D-01	1.38242770000000000D+04
6.39500419957165445D-01	1.52247420000000002D+04
6.40500678703412873D-01	1.43016790000000001D+04
6.41500484864692799D-01	1.48148490000000002D+04
6.42500452683487211D-01	1.39017389999999996D+04
6.43500812764268071D-01	1.49065759999999991D+04
6.44500934323115282D-01	1.42459400000000005D+04
6.45500870124413817D-01	1.49014130000000005D+04
6.46500736059162473D-01	1.49497870000000003D+04
6.47500610584244574D-01	1.46526910000000007D+04
6.48500402648854779D-01	1.47230810000000001D+04
6.49500227022538845D-01	1.38082839999999997D+04
6.50500238118221663D-01	1.62960849999999991D+04
6.51500468727202131D-01	1.42896290000000008D+04
6.52500575965088814D-01	1.50787540000000008D+04
6.53500571921150186D-01	1.50896990000000005D+04
6.54500789083903745D-01	1.46902939999999999D+04
6.55500722821727888D-01	1.47224570000000003D+04
6.56500715211567165D-01	1.51180010000000002D+04
6.57500552661398396D-01	1.45516720000000005D+04
6.58500205576064923D-01	1.45578230000000003D+04
6.59500367675454391D-01	1.55718999999999996D+04
6.60500726062840493D-01	1.65146379999999990D+04
6.61500539850004010D-01	1.54128459999999995D+04
6.62500577468060792D-01	1.53078070000000007D+04
6.63500841171132394D-01	1.47303379999999997D+04
6.64500580325569024D-01	1.55459549999999999D+04
6.65500408265474963D-01	1.48190149999999994D+04
6.66500281601816402D-01	1.53953690000000006D+04
6.67500435424879357D-01	1.55535930000000008D+04
6.68500543313209183D-01	1.59603760000000002D+04
6.69500606141539389D-01	1.56864079999999994D+04
6.70500833352515979D-01	1.50401630000000005D+04
6.71500930631896087D-01	1.55948269999999993D+04
6.72500811818411703D-01	1.59028389999999999D+04
6.73500419830082242D-01	1.48043590000000004D+04
6.74500244147693606D-01	1.61453050000000003D+04
6.75500492352278603D-01	1.53845509999999995D+04
6.76500720572563274D-01	1.54102240000000002D+04
6.77500464313744333D-01	1.54210720000000001D+04
6.78500201584139262D-01	1.55293400000000001D+04
6.79500296284176519D-01	1.60953060000000005D+04
6.80500727128669824D-01	1.53406849999999995D+04
6.81500780974158005D-01	1.63240370000000003D+04
6.82500792866072681D-01	1.65369799999999996D+04
6.83500851993606662D-01	1.66161729999999989D+04
6.84500409237079666D-01	1.56432880000000005D+04
6.85500112033995634D-01	1.64943120000000017D+04
6.86500374593184692D-01	1.58465349999999999D+04
6.87500634830965129D-01	1.67688650000000016D+04
6.88500790538069896D-01	1.66506100000000006D+04
6.89500525655274199D-01	1.57358709999999992D+04
6.90500323158933504D-01	1.70253729999999996D+04
6.91500625608221675D-01	1.63083570000000000D+04
6.92500437915066658D-01	1.55808389999999999D+04
6.93500349066818345D-01	1.64079739999999983D+04
6.94500451538528019D-01	1.59391399999999994D+04
6.95500402984102095D-01	1.58607320000000000D+04
6.96500635465909790D-01	1.62944140000000007D+04
6.97500807826598179D-01	1.64928139999999985D+04
6.98500816208363684D-01	1.58270439999999999D+04
6.99500826126520314D-01	1.66783719999999994D+04
7.00500670944300685D-01	1.74594350000000013D+04
7.01500366328409286D-01	1.75794180000000015D+04
7.02500421800005048D-01	1.74467479999999996D+04
7.03500755627560648D-01	1.77917309999999998D+04
7.04500719274548048D-01	1.66686120000000010D+04
7.05500653662815225D-01	1.68399720000000016D+04
7.06500755192503993D-01	1.61810560000000005D+04
7.07500591520881628D-01	1.60101830000000009D+04
7.08500269881326972D-01	1.72239019999999982D+04
7.09500260757204182D-01	1.70036450000000004D+04
7.10500364484941693D-01	1.68712760000000017D+04
7.11500312599798956D-01	1.74594700000000012D+04
7.12500173745941434D-01	1.71541650000000009D+04
7.13500282273499709D-01	1.76317710000000006D+04
7.14500281784568481D-01	1.70709599999999991D+04
7.15500458709572351D-01	1.71324720000000016D+04
7.16500641365203417D-01	1.69829949999999990D+04
7.17500530872903663D-01	1.71182510000000002D+04
7.18500469679697273D-01	1.76065190000000002D+04
7.19500271960748394D-01	1.73721349999999984D+04
7.20500333903130397D-01	1.79575469999999987D+04
7.21500452198548192D-01	1.75590010000000002D+04
7.22500600481631228D-01	1.69824599999999991D+04
7.23500775847814803D-01	1.75840000000000000D+04
7.24500808419331177D-01	1.68009239999999991D+04
7.25500839645103368D-01	1.90816150000000016D+04
7.26500563749634676D-01	1.81087589999999982D+04
7.27500337142044984D-01	1.77294279999999999D+04
7.28500371227523535D-01	1.74722489999999998D+04
7.29500644429305845D-01	1.72943950000000004D+04
7.30500543525433033D-01	1.77451130000000012D+04
7.31500320865359432D-01	1.83238220000000001D+04
7.32500589940193070D-01	1.80990370000000003D+04
7.33500870801502391D-01	1.83767730000000010D+04
7.34500801825409111D-01	1.85308250000000007D+04
7.35500300786946726D-01	1.77968070000000007D+04
7.36500275177458197D-01	1.73601310000000012D+04
7.37500689727232928D-01	1.88757419999999984D+04
7.38500691032627055D-01	1.74120790000000015D+04
7.39500498393862227D-01	1.85877680000000000D+04
7.40500598779668562D-01	1.82415360000000001D+04
7.41500467652625339D-01	1.75899330000000009D+04
7.42500631064115235D-01	1.82796110000000008D+04
7.43500617622396609D-01	1.86669290000000001D+04
7.44500500020081946D-01	1.99196330000000016D+04
7.45500740015627716D-01	1.80653080000000009D+04
7.46500512981885800D-01	1.79276189999999988D+04
7.47500224548567571D-01	1.89049170000000013D+04
7.48500187612399337D-01	1.81999500000000007D+04
7.49500173015583693D-01	1.84653940000000002D+04
7.50500440621313269D-01	1.98157180000000008D+04
7.51500421022815335D-01	1.84580050000000010D+04
7.52500179342891262D-01	1.88037370000000010D+04
7.53500323555098217D-01	1.92700279999999984D+04
7.54500449857693600D-01	1.99163990000000013D+04
7.55500316330739996D-01	1.86165580000000009D+04
7.56500477129243398D-01	1.81035319999999992D+04
7.57500844634045989D-01	1.99340849999999991D+04
7.58500884752943971D-01	1.82865960000000014D+04
7.59500700659654471D-01	1.88693129999999983D+04
7.60500536831028806D-01	1.85298699999999990D+04
7.61500588949478585D-01	1.96651209999999992D+04
7.62500666098769431D-01	1.87337210000000014D+04
7.63500681579335261D-01	1.90601019999999990D+04
7.64500730815649843D-01	1.88553689999999988D+04
7.65500759226573901D-01	1.94585950000000012D+04
7.66500704739659144D-01	1.91663060000000005D+04
7.67500698968682116D-01	2.01683889999999992D+04
7.68500628321623136D-01	1.93213389999999999D+04
7.69500614274319816D-01	2.04478090000000011D+04
7.70500649817687733D-01	1.89705540000000001D+04
7.71500600960469352D-01	2.05643420000000006D+04
7.72500343131615752D-01	1.99421080000000002D+04
7.73500383250513623D-01	1.88048400000000001D+04
7.74500354444882966D-01	2.00691110000000008D+04
7.75500505666173900D-01	2.02446990000000005D+04
7.76500525296117461D-01	1.94319680000000008D+04
7.77500456073304425D-01	2.02776399999999994D+04
7.78500601911618850D-01	1.95561759999999995D+04
7.79500551596510993D-01	1.99870920000000006D+04
7.80500684089529440D-01	2.00359239999999991D+04
7.81500759579069171D-01	1.91949160000000011D+04
7.82500758731272783D-01	2.13117540000000008D+04
7.83500805332171701D-01	1.96890050000000010D+04
7.84500653133018311D-01	1.90607320000000000D+04
7.85500289472602864D-01	1.94986729999999989D+04
7.86500280976494048D-01	2.08361879999999983D+04
7.87500362207875337D-01	2.06147469999999994D+04
7.88500242934595086D-01	2.13355319999999992D+04
7.89500188481323972D-01	2.10334910000000018D+04
7.90500297625681525D-01	2.10051150000000016D+04
7.91500534626946584D-01	2.02220940000000010D+04
7.92500785960386755D-01	2.04002999999999993D+04
7.93500631630471687D-01	2.12517350000000006D+04
7.94500371940005334D-01	1.97306860000000015D+04
7.95500256838531872D-01	2.06290540000000001D+04
7.96500310504587472D-01	2.15813499999999985D+04
7.97500489033269866D-01	2.01752210000000014D+04
7.98500645345959437D-01	2.02311729999999989D+04
7.99500771682198463D-01	2.14773280000000013D+04
8.00500712272103065D-01	2.07986450000000004D+04
8.01500684184202505D-01	2.09655410000000011D+04
8.02500601066581387D-01	2.09186870000000017D+04
8.03500712801496375D-01	2.06082890000000007D+04
8.04500498328033053D-01	2.10041559999999990D+04
8.05500328342627858D-01	2.23567170000000006D+04
8.06500633988058380D-01	2.11861529999999984D+04
8.07500770518309263D-01	2.10134979999999996D+04
8.08500532741043276D-01	2.14846709999999985D+04
8.09500504574640845D-01	2.14605109999999986D+04
8.10500548214902805D-01	2.13740980000000018D+04
8.11500164738405028D-01	2.16392730000000010D+04
8.12500246283793359D-01	2.14097750000000015D+04
8.13500422535925249D-01	2.21281939999999995D+04
8.14500289704272684D-01	2.08183369999999995D+04
8.15500468782467181D-01	2.11832629999999990D+04
8.16500462394690874D-01	2.21931480000000010D+04
8.17500254302297558D-01	2.13550989999999983D+04
8.18500453589083188D-01	2.17276100000000006D+04
8.19500609632624055D-01	2.20586559999999990D+04
8.20500433468010382D-01	2.18319530000000013D+04
8.21500254544621278D-01	2.09383040000000001D+04
8.22500440093602236D-01	2.23186409999999996D+04
8.23500366990560284D-01	2.17686280000000006D+04
8.24500309397219522D-01	2.14997580000000016D+04
8.25500398680636627D-01	2.37263559999999998D+04
8.26500332328744425D-01	2.24217099999999991D+04
8.27500444994465845D-01	2.30279340000000011D+04
8.28500672855885356D-01	2.24536399999999994D+04
8.29500788818679946D-01	2.21573549999999996D+04
8.30500670621994952D-01	2.22164000000000015D+04
8.31500697373167896D-01	2.19379730000000018D+04
8.32500779647501021D-01	2.28129340000000011D+04
8.33500444494432169D-01	2.28900709999999999D+04
8.34500194784901561D-01	2.26649629999999997D+04
8.35500572281854370D-01	2.12530499999999993D+04
8.36500584465347030D-01	2.25597269999999990D+04
8.37500400394486588D-01	2.26864170000000013D+04
8.38500332304341622D-01	2.31064579999999987D+04
8.39500175529658055D-01	2.29313260000000009D+04
8.40500280289132706D-01	2.34454700000000012D+04
8.41500249958325175D-01	2.34681870000000017D+04
8.42500499104931078D-01	2.36000339999999997D+04
8.43500478878419169D-01	2.27204929999999986D+04
8.44500356992152312D-01	2.20830540000000001D+04
8.45500482879809945D-01	2.30532249999999985D+04
8.46500611077661613D-01	2.31449480000000003D+04
8.47500884604665439D-01	2.37160269999999982D+04
8.48500945862960876D-01	2.35782459999999992D+04
8.49500570303924452D-01	2.39748319999999985D+04
8.50500276891352991D-01	2.28617289999999994D+04
8.51500439775759843D-01	2.32955040000000008D+04
8.52500382373066135D-01	2.36589059999999990D+04
8.53500465791281804D-01	2.40375099999999984D+04
8.54500721094667126D-01	2.41100479999999989D+04
8.55500845098282836D-01	2.27431899999999987D+04
8.56500605694909378D-01	2.30177289999999994D+04
8.57500483046054196D-01	2.47360370000000003D+04
8.58500534558919282D-01	2.36245139999999992D+04
8.59500472849844321D-01	2.35343209999999999D+04
8.60500667931179519D-01	2.40041179999999986D+04
8.61500823256990178D-01	2.34607479999999996D+04
8.62500552542636356D-01	2.40405790000000015D+04
8.63500265589636773D-01	2.49426140000000014D+04
8.64500176819890220D-01	2.41287560000000012D+04
8.65500050784245634D-01	2.47457340000000004D+04
8.66500518535771813D-01	2.42144850000000006D+04
8.67500517172106855D-01	2.39191500000000015D+04
8.68500093188710576D-01	2.40466800000000003D+04
8.69500118459564986D-01	2.44341870000000017D+04
8.70500260361577793D-01	2.60038450000000012D+04
8.71500290443467440D-01	2.45474290000000001D+04
8.72500646969240901D-01	2.40766409999999996D+04
8.73500728009975136D-01	2.45265770000000011D+04
8.74500195335310870D-01	2.52213660000000018D+04
8.75500119966932999D-01	2.24504029999999984D+04
8.76500188514675926D-01	2.48917220000000016D+04
8.77500230876480769D-01	2.60061569999999992D+04
8.78500315741371329D-01	2.55316970000000001D+04
8.79500355613549556D-01	2.59801090000000004D+04
8.80500272843578902D-01	2.40031209999999992D+04
8.81500268070695481D-01	2.55434769999999990D+04
8.82500651287060900D-01	2.55357200000000012D+04
8.83500610594023517D-01	2.38929370000000017D+04
8.84500290053493288D-01	2.66786779999999999D+04
8.85500585426410192D-01	2.44214449999999997D+04
8.86500448030442145D-01	2.57341800000000003D+04
8.87500076878717792D-01	2.48705970000000016D+04
8.88500329871908967D-01	2.54539000000000015D+04
8.89500584681854778D-01	2.58807040000000015D+04
8.90500544975696529D-01	2.67903270000000011D+04
8.91500473128682414D-01	2.54285760000000009D+04
8.92500442125002902D-01	2.60110960000000014D+04
8.93500619307941113D-01	2.59656049999999996D+04
8.94500557520364503D-01	2.50652459999999992D+04
8.95500277531590783D-01	2.52671899999999987D+04
8.96500196903596169D-01	2.66888050000000003D+04
8.97500458688982428D-01	2.64397139999999999D+04
8.98500904998318806D-01	2.47829190000000017D+04
8.99500705395328115D-01	2.68857299999999996D+04
9.00500755057794922D-01	2.66855900000000001D+04
9.01500608701413908D-01	2.69894520000000011D+04
9.02500314167388962D-01	2.71090479999999989D+04
9.03500710168323673D-01	2.48361199999999990D+04
9.04500448851749850D-01	2.69296919999999991D+04
9.05500287591252451D-01	2.66043640000000014D+04
9.06500345115108019D-01	2.63343080000000009D+04
9.07500474860565398D-01	2.69392619999999988D+04
9.08500604056510674D-01	2.61021460000000006D+04
9.09500496076266596D-01	2.73033400000000001D+04
9.10500634165337663D-01	2.68769749999999985D+04
9.11500349903826335D-01	2.56750010000000002D+04
9.12500290336727526D-01	2.79613120000000017D+04
9.13500388580557598D-01	2.73869660000000003D+04
9.14500206831105888D-01	2.71088879999999990D+04
9.15500585561657476D-01	2.71259969999999994D+04
9.16501001737539678D-01	2.81856419999999998D+04
9.17500807977321475D-01	2.76974559999999983D+04
9.18500540896476925D-01	2.65589599999999991D+04
9.19500310072222216D-01	2.69091440000000002D+04
9.20500362706540676D-01	2.76247779999999984D+04
9.21500623561120613D-01	2.63281680000000015D+04
9.22500464184665026D-01	2.90224690000000010D+04
9.23500168787120934D-01	2.78102920000000013D+04
9.24500110128399388D-01	2.77441009999999987D+04
9.25500546490443665D-01	2.78007180000000008D+04
9.26500873252842583D-01	2.84180760000000009D+04
9.27500684561593958D-01	2.78777160000000003D+04
9.28500529278443509D-01	2.86467760000000017D+04
9.29500469307621424D-01	2.76008100000000013D+04
9.30500482993861677D-01	2.77819650000000001D+04
9.31500715296236792D-01	2.80242910000000011D+04
9.32500574849915442D-01	2.81376529999999984D+04
9.33500493414474386D-01	2.78468300000000017D+04
9.34500718920841633D-01	2.89213260000000009D+04
9.35500422805567333D-01	2.97528580000000002D+04
9.36500480968651350D-01	2.86933960000000006D+04
9.37500533031028538D-01	2.87679000000000015D+04
9.38500221955565372D-01	2.90798420000000006D+04
9.39500336426826843D-01	2.83753029999999999D+04
9.40500612421028226D-01	2.79016800000000003D+04
9.41500726757715345D-01	2.82811229999999996D+04
9.42500737909470865D-01	2.87397200000000012D+04
9.43500464312981735D-01	3.14146460000000006D+04
9.44500293699562676D-01	2.93577629999999990D+04
9.45500325788854012D-01	2.88851150000000016D+04
9.46500285219176507D-01	2.91787099999999991D+04
9.47500315637502255D-01	2.90796070000000000D+04
9.48500433237618901D-01	2.93306039999999994D+04
9.49500614132568033D-01	3.06531510000000017D+04
9.50500540693090090D-01	2.89832289999999994D+04
9.51500299215027656D-01	2.87970839999999989D+04
9.52500490404919464D-01	3.09098489999999983D+04
9.53500428830418967D-01	3.08293480000000018D+04
9.54500289595267337D-01	2.98269700000000012D+04
9.55500553825422094D-01	2.95206879999999983D+04
9.56500496635804498D-01	2.90442099999999991D+04
9.57500376880299209D-01	3.08941130000000012D+04
9.58500195826148538D-01	3.20715420000000013D+04
9.59500335911406821D-01	2.93083650000000016D+04
9.60500727258309706D-01	3.12645020000000004D+04
9.61500937882989737D-01	2.94359579999999987D+04
9.62500749573035219D-01	3.03105360000000001D+04
9.63500468115157549D-01	3.23982839999999997D+04
9.64500623777404087D-01	3.09203849999999984D+04
9.65500436745906576D-01	3.10649769999999990D+04
9.66500316025951323D-01	3.06258280000000013D+04
9.67500358813908501D-01	3.02297059999999983D+04
9.68500226879418724D-01	3.21015349999999999D+04
9.69500331190312092D-01	3.23893120000000017D+04
9.70500440312240698D-01	3.00179120000000003D+04
9.71500476853702222D-01	3.13780509999999995D+04
9.72500328063767183D-01	3.23321919999999991D+04
9.73500175662752043D-01	3.24053980000000010D+04
9.74500396795450863D-01	3.08777870000000003D+04
9.75500836970436769D-01	3.24659389999999985D+04
9.76500794875582612D-01	3.19058950000000004D+04
9.77500488768158204D-01	3.25688909999999996D+04
9.78500672567671703D-01	3.17081889999999985D+04
9.79500696885290734D-01	3.23144490000000005D+04
9.80500420070230194D-01	3.20763120000000017D+04
9.81500277179140346D-01	3.27121769999999997D+04
9.82500416075657856D-01	3.29924769999999990D+04
9.83500558717830042D-01	3.28237169999999969D+04
9.84500397625550638D-01	3.29198660000000018D+04
9.85500435647330697D-01	3.29661560000000027D+04
9.86500661007909008D-01	3.27405159999999996D+04
9.87500855180866943D-01	3.27506810000000005D+04
9.88500703564869299D-01	3.40419579999999987D+04
9.89500273032184907D-01	3.44689970000000030D+04
9.90500110224081798D-01	3.26724140000000007D+04
9.91500391276038284D-01	3.38903980000000010D+04
9.92500678966999117D-01	3.41511120000000010D+04
9.93500738285180152D-01	3.35572300000000032D+04
9.94500504668506369D-01	3.49874850000000006D+04
9.95500334929821040D-01	3.36680230000000010D+04
9.96500678379447224D-01	3.56344110000000001D+04
9.97501057424005855D-01	3.41275520000000033D+04
9.98500636289101351D-01	3.49233369999999995D+04
9.99500049459450146D-01	3.56432520000000004D+04
